{
  "sample_file": "A06_RD14-0003-30_31_32_33_34-1;1;1;1;1-M1S30-0.315IP-Q2.4_001.5sec.fsa",
  "predicted_noc": 5,
  "noc_confidence": 1.0,
  "posterior_summary": {
    "Mx_1": {
      "mean": 0.3563754766364532,
      "std": 0.13070032611034865,
      "median": 0.36768454534440875,
      "mode": 0.40613685792513066,
      "credible_interval_95": [
        0.07555824707790347,
        0.5779978004262311
      ],
      "credible_interval_90": [
        0.11827111116735997,
        0.5483703715846517
      ],
      "hpdi_95": [
        0.0801708041372689,
        0.5809249597123178
      ],
      "min": 0.00653381010488405,
      "max": 0.6980208232894847
    },
    "Mx_2": {
      "mean": 0.15303576168368077,
      "std": 0.13570258039204344,
      "median": 0.11708833649472239,
      "mode": 0.027605490814365495,
      "credible_interval_95": [
        0.00036218559107380004,
        0.4368538371422893
      ],
      "credible_interval_90": [
        0.0023567614430182,
        0.404768622130745
      ],
      "hpdi_95": [
        9.999993674752654e-07,
        0.404768622130745
      ],
      "min": 9.999993674752654e-07,
      "max": 0.549330367217828
    },
    "Mx_3": {
      "mean": 0.15869708808832936,
      "std": 0.13632603933453255,
      "median": 0.12269226517893356,
      "mode": 0.03616345722186052,
      "credible_interval_95": [
        0.0009646041859858644,
        0.45289310010657263
      ],
      "credible_interval_90": [
        0.0025884680702146236,
        0.4177405856319092
      ],
      "hpdi_95": [
        9.999980291980692e-07,
        0.4199241741188918
      ],
      "min": 9.999980291980692e-07,
      "max": 0.599695082293232
    },
    "Mx_4": {
      "mean": 0.14863377209671308,
      "std": 0.13523538642963115,
      "median": 0.1053651848833182,
      "mode": 0.03137143303201742,
      "credible_interval_95": [
        0.0004894055867514459,
        0.45220985636666555
      ],
      "credible_interval_90": [
        0.002061530251168322,
        0.41684127672883275
      ],
      "hpdi_95": [
        9.999990000957244e-07,
        0.41789429105888515
      ],
      "min": 9.999990000957244e-07,
      "max": 0.5675206521417682
    },
    "Mx_5": {
      "mean": 0.1832579014948237,
      "std": 0.14747061915145462,
      "median": 0.15662134906217276,
      "mode": 0.035477047031665015,
      "credible_interval_95": [
        0.0008753439560757962,
        0.48364344527126935
      ],
      "credible_interval_90": [
        0.003595222409931469,
        0.4503750996524578
      ],
      "hpdi_95": [
        9.999980291980692e-07,
        0.45183121063198656
      ],
      "min": 9.999980291980692e-07,
      "max": 0.5430574122821467
    },
    "model_quality": {
      "acceptance_rate": 0.1736,
      "n_effective_samples": 1200,
      "converged": true,
      "final_step_size": 1.0
    },
    "contributor_ranking": [
      [
        1,
        0.3563754766364532
      ],
      [
        5,
        0.1832579014948237
      ],
      [
        3,
        0.15869708808832936
      ],
      [
        2,
        0.15303576168368077
      ],
      [
        4,
        0.14863377209671308
      ]
    ]
  },
  "convergence_diagnostics": {
    "effective_sample_size": [
      1200.0,
      588.8587238299475,
      612.4592616523145,
      1200.0,
      486.80548334770845
    ],
    "min_ess": 486.80548334770845,
    "geweke_scores": [
      0.022719352383517306,
      0.04884147224331182,
      0.10874922044552278,
      0.08682570232352634,
      0.04412817394716611
    ],
    "max_geweke": 0.10874922044552278,
    "convergence_status": "Good",
    "convergence_issues": [],
    "true_value_bias": {
      "max_bias": 0.15637547663645374,
      "mean_bias": 0.06255019065458152,
      "bias_per_component": [
        0.15637547663645374,
        0.04696423831631924,
        0.04130291191167079,
        0.05136622790328746,
        0.016742098505176384
      ],
      "acceptable": false
    }
  },
  "computation_time": 3966.476495027542,
  "timestamp": "2025-06-10 19:23:16",
  "true_contributor_ids": [
    "30",
    "31",
    "32",
    "33",
    "34"
  ],
  "true_mixture_ratios": [
    0.2,
    0.2,
    0.2,
    0.2,
    0.2
  ],
  "sample_mixture_ratios": [
    [
      0.3957765064678292,
      0.07742463763562084,
      0.2657154515240001,
      0.03361443038061409,
      0.2274689739919358
    ],
    [
      0.5327131768546791,
      0.07585778193226325,
      0.00429315152125533,
      0.37722426267415327,
      0.009911627017649112
    ],
    [
      0.5434976896510245,
      0.15221986785099126,
      0.0010849268205148524,
      0.013023208387253652,
      0.29017430729021565
    ],
    [
      0.4217045701375557,
      0.002942883318914515,
      0.13217394535673122,
      0.32893878022204476,
      0.1142398209647539
    ],
    [
      0.08458533610352056,
      0.0008552063887285862,
      0.2985402626906448,
      0.3327134964162569,
      0.2833056984008492
    ],
    [
      0.49572999369461124,
      0.21467352231992665,
      0.2339298061874913,
      0.04640164983599165,
      0.009265027961979264
    ],
    [
      0.4337213542315777,
      0.016171617438732095,
      0.0575559613255763,
      0.03980338566169575,
      0.45274768134241816
    ],
    [
      0.10566588578485163,
      0.018023832527981513,
      0.2803949832832099,
      0.15140245223453414,
      0.44451284616942277
    ],
    [
      0.26018806259434696,
      0.05268536900718707,
      0.21815377286283177,
      0.3104653324555965,
      0.1585074630800378
    ],
    [
      0.4530651789714,
      0.0602871655708522,
      0.059832384096295994,
      0.07400486814376833,
      0.3528104032176835
    ],
    [
      0.30002229316585743,
      0.02107724267848032,
      0.5184755009819342,
      0.0181961588920929,
      0.14222880428163515
    ],
    [
      0.36348930662557394,
      0.060633618389341185,
      0.07979416433340214,
      0.05868497826547464,
      0.4373979323862082
    ],
    [
      0.4002884843574299,
      0.02214220967478818,
      0.1035804139626631,
      0.025631323066823457,
      0.4483575689382954
    ],
    [
      0.40400867811017244,
      0.23152888574527536,
      0.023428425613239927,
      0.28795255985735047,
      0.05308145067396185
    ],
    [
      0.3739998675845943,
      0.0027742110486809308,
      0.4514150379831085,
      0.14901677782350103,
      0.02279410556011533
    ],
    [
      0.4720790461050513,
      0.036694609867309394,
      0.3911781494788447,
      0.09447706199028126,
      0.005571132558513298
    ],
    [
      0.4082988153134653,
      0.1597975248731439,
      0.1209250334022326,
      0.0718012056620073,
      0.239177420749151
    ],
    [
      0.1167405984744411,
      0.36853892950825257,
      0.1772091915078595,
      0.2675164983799194,
      0.06999478212952735
    ],
    [
      0.25038039660098366,
      0.0072161504705509135,
      0.3546012545638671,
      0.33159302793545403,
      0.05620917042914443
    ],
    [
      0.14507130026053033,
      0.026532156246921897,
      0.36717309991045544,
      0.39995847376127075,
      0.06126496982082169
    ],
    [
      0.3881945158780689,
      0.14376801553428173,
      0.2118976240918306,
      0.004677799099698211,
      0.25146204539612044
    ],
    [
      0.3173762531957368,
      0.5225377513877907,
      0.11300282669593732,
      0.04288254673715542,
      0.004200621983379879
    ],
    [
      0.3306845374642805,
      0.3528233942921684,
      0.12711772790060757,
      0.0021310336357575166,
      0.187243306707186
    ],
    [
      0.46723293111246916,
      0.04610368673725834,
      0.08222090187611508,
      0.34906163709711097,
      0.05538084317704646
    ],
    [
      0.34035998717596105,
      0.26422063190847755,
      0.283399816694406,
      0.052971034970463585,
      0.05904852925069179
    ],
    [
      0.3608713125446286,
      0.21612539545559026,
      0.4199241741188918,
      0.001155341636499064,
      0.0019237762443903117
    ],
    [
      0.1823608363834692,
      0.20409605138048476,
      0.27782311047245983,
      0.13970301954329642,
      0.19601698222028982
    ],
    [
      0.501185291933611,
      0.21184699117501216,
      0.014095814310497884,
      0.047800098408107144,
      0.22507180417277184
    ],
    [
      0.46611816710795295,
      0.029144680278286057,
      0.11984528092288461,
      0.016707338438802573,
      0.3681845332520738
    ],
    [
      0.279654598030142,
      0.040694394810555735,
      0.4232069044744381,
      0.17909595403451845,
      0.0773481486503458
    ],
    [
      0.48889131213086867,
      0.031515845454383296,
      0.06314661069187892,
      0.010469374621282482,
      0.40597685710158665
    ],
    [
      0.05316220690381797,
      0.37662208094135957,
      0.3314839059823821,
      0.15634639006430878,
      0.08238541610813149
    ],
    [
      0.3216747956070703,
      0.13391392043707134,
      0.03403302777951553,
      0.04753707311592255,
      0.4628411830604204
    ],
    [
      0.3304679964391899,
      0.056461138867825986,
      0.03605276256513502,
      0.09010132721260024,
      0.48691677491524893
    ],
    [
      0.25301507152763286,
      0.09382592745793351,
      0.20977431497654114,
      0.34118182363287897,
      0.10220286240501365
    ],
    [
      0.38922930587431287,
      0.16367617360910205,
      0.027238596196526483,
      0.11126133757727547,
      0.3085945867427832
    ],
    [
      0.35656371003033177,
      0.0803560063920175,
      0.03113973752762005,
      0.39025606664568896,
      0.14168447940434167
    ],
    [
      0.21310208519340124,
      0.17939253584753032,
      0.431084283836827,
      0.011347704454492125,
      0.16507339066774945
    ],
    [
      0.5448653682781582,
      0.06524741166960185,
      0.04951789313979384,
      0.2630802004502232,
      0.0772891264622229
    ],
    [
      0.45062616088993135,
      0.0489218493838871,
      0.015468686584491511,
      0.1304248666517606,
      0.3545584364899295
    ],
    [
      0.31955146721488775,
      0.377840370801534,
      0.11298167078286389,
      0.18398089594607006,
      0.005645595254644412
    ],
    [
      0.2841898691910529,
      0.4259353590867728,
      0.008678685796479553,
      0.17956909097622442,
      0.10162699494947039
    ],
    [
      0.47166291390554416,
      0.0010368567431373128,
      0.16600334147584436,
      0.34573343255104155,
      0.01556345532443271
    ],
    [
      0.44853126127396487,
      0.053604276418581676,
      0.1350167077236688,
      0.007285847739472443,
      0.3555619068443122
    ],
    [
      0.577963659512404,
      0.07552543614218049,
      0.013745676759297288,
      0.0965372006816363,
      0.2362280269044819
    ],
    [
      0.484884710385642,
      0.007626085401423585,
      0.13640766158295778,
      0.015648200333852374,
      0.3554333422961242
    ],
    [
      0.36312212481841544,
      0.032632758037962666,
      0.10740185815491687,
      0.14211599056120128,
      0.35472726842750374
    ],
    [
      0.36554061248188735,
      0.15628022838138705,
      0.24099515662797752,
      0.21037402799898478,
      0.02680997450976326
    ],
    [
      0.4422985677990579,
      0.14411156411334308,
      0.010696583902204473,
      0.34520335850059264,
      0.05768992568480187
    ],
    [
      0.518478088379156,
      0.017160673629417294,
      0.2693413113892775,
      0.008910694090382313,
      0.1861092325117668
    ],
    [
      0.3203518641391641,
      0.14503107068234872,
      0.28696125439841286,
      0.03857212904384627,
      0.20908368173622818
    ],
    [
      0.4168844408545982,
      0.015169607617576854,
      0.04461448524870601,
      0.15341651277200702,
      0.36991495350711195
    ],
    [
      0.22527082625755004,
      0.20761460395366862,
      0.354331894367009,
      0.19360305728621313,
      0.019179618135559188
    ],
    [
      0.39977623429376546,
      0.11649723843257995,
      0.3080915581844678,
      0.17295918378164443,
      0.002675785307542387
    ],
    [
      0.3588999078270113,
      0.06778310288643992,
      0.15774205843463254,
      0.3669622290219191,
      0.0486127018299972
    ],
    [
      0.336001275505024,
      0.0025512354393979197,
      0.19660940763232773,
      0.015574116754098968,
      0.44926396466915147
    ],
    [
      0.44293069905560895,
      0.29476282776219254,
      0.05732571914329452,
      0.030505682881058954,
      0.174475071157845
    ],
    [
      0.44251168127791735,
      0.15362617627200129,
      0.3330483307402766,
      0.018190409340031584,
      0.05262340236977329
    ],
    [
      0.33069671905132586,
      0.1384221594626496,
      0.12709416034103757,
      0.05626971999321689,
      0.3475172411517702
    ],
    [
      0.5174333456270129,
      0.2821729729690838,
      0.14499100145226837,
      0.049405499516274064,
      0.005997180435360938
    ],
    [
      0.4507886591428844,
      0.008661088643255368,
      0.12804020523186624,
      0.09834653296753472,
      0.3141635140144593
    ],
    [
      0.5389026030531339,
      0.003111028507601138,
      0.0017044279514010056,
      0.01946824316655541,
      0.43681369732130865
    ],
    [
      0.23787057179859591,
      0.404768622130745,
      0.03929999666589443,
      0.24001948364789527,
      0.07804132575686948
    ],
    [
      0.48270132616771616,
      0.09181941969749054,
      0.10844332072079953,
      0.3100625140753574,
      0.006973419338636422
    ],
    [
      0.39583203389368044,
      0.3616967493243519,
      0.12127438079737073,
      0.0021993118990091555,
      0.11899752408558771
    ],
    [
      0.5809249597123178,
      0.07130971265628595,
      0.01618503367266617,
      0.0627002969775403,
      0.26887999698118975
    ],
    [
      0.44017138973740233,
      0.016086203817376146,
      0.08547774766906101,
      0.12149999282094574,
      0.33676466595521487
    ],
    [
      0.3653080396735936,
      0.05351494042433798,
      0.1336333280838019,
      0.04444265659438956,
      0.40310103522387697
    ],
    [
      0.5384195245002014,
      0.0016147051020174823,
      0.08692130429121524,
      0.2071291207745125,
      0.16591534533205346
    ],
    [
      0.3987920368134604,
      0.1672269763417003,
      0.4095247989477089,
      0.013235192259479145,
      0.01122099563765112
    ],
    [
      0.28257044127488173,
      0.2679467060072204,
      0.2256295948773814,
      0.1610560363783614,
      0.06279722146215512
    ],
    [
      0.36757846335235544,
      0.022644208430101214,
      0.599695082293232,
      0.005370476721051473,
      0.0047117692032598284
    ],
    [
      0.1254872727022692,
      0.08242969024088227,
      0.2767328601813104,
      0.39224689595869994,
      0.12310328091683832
    ],
    [
      0.46833727373000733,
      0.38372334537922825,
      0.0698559522927423,
      0.05350427586722634,
      0.02457915273079573
    ],
    [
      0.492141018338608,
      0.034729253387143284,
      0.008134067777434527,
      0.08402708155003089,
      0.38096857894678327
    ],
    [
      0.48889131213086867,
      0.031515845454383296,
      0.06314661069187892,
      0.010469374621282482,
      0.40597685710158665
    ],
    [
      0.3836290380459406,
      0.021594127891579176,
      0.12997586785024412,
      0.4103660004951008,
      0.05443496571713519
    ],
    [
      0.48293684061782893,
      0.004810103413160365,
      0.07357072844632245,
      0.11140231149294041,
      0.3272800160297478
    ],
    [
      0.21688943690792445,
      0.27867850168312785,
      0.44940959335097364,
      0.0012032658457389253,
      0.05381920221223518
    ],
    [
      0.4573468826630524,
      0.006911833007145585,
      0.11756045344530985,
      0.4137706253961012,
      0.0044102054883909895
    ],
    [
      0.5515547847378931,
      0.21451219231883603,
      0.024288824281065775,
      0.000794364333829506,
      0.20884983432837545
    ],
    [
      0.42826118142223846,
      0.02443189178815603,
      0.1262163375730952,
      0.27983970977066575,
      0.14125087944584463
    ],
    [
      0.12734805405944336,
      0.39273186339738275,
      0.04814837134713808,
      0.42181011128977713,
      0.009961599906258663
    ],
    [
      0.22070060689022422,
      0.2431035611823694,
      0.4760717444672772,
      0.056297763731224484,
      0.003826323728904746
    ],
    [
      0.5063043136296264,
      0.2778251984089024,
      0.0005320246538248546,
      0.09267590123131728,
      0.1226625620763292
    ],
    [
      0.41631729819780694,
      0.03855601262468993,
      0.11714642022680188,
      0.17751876610950126,
      0.2504615028412
    ],
    [
      0.3242844498497713,
      0.38923150629215003,
      0.014923189671290166,
      0.1844178204909035,
      0.08714303369588505
    ],
    [
      0.31347282187187064,
      0.14265796460042632,
      0.01909242095141437,
      0.04219542983142643,
      0.48258136274486213
    ],
    [
      0.486270052159604,
      0.0038694361266934717,
      0.2668886345896538,
      0.19248266626326602,
      0.050489210860782736
    ],
    [
      0.18010398940952596,
      0.2498901255276972,
      0.008039706582789475,
      0.05553008673306486,
      0.5064360917469225
    ],
    [
      0.43406240485249636,
      0.015441569126790242,
      0.062071824175922684,
      0.419012907715862,
      0.06941129412892871
    ],
    [
      0.16822378233422675,
      0.34766106813687825,
      0.397643996689731,
      0.012845524131518954,
      0.07362562870764498
    ],
    [
      0.508149928800991,
      0.4408782989399568,
      0.040422621663709,
      0.007518729159634298,
      0.003030421435708876
    ],
    [
      0.3168036968840886,
      0.2509400229095886,
      0.0023573937165097267,
      0.3239480078850446,
      0.10595087860476848
    ],
    [
      0.25821125900749864,
      0.010146352256480255,
      0.3420944217917154,
      0.01017926758229651,
      0.3793686993620093
    ],
    [
      0.38696063390071456,
      0.18781123866552646,
      0.03359025566447036,
      0.04556409864831188,
      0.3460737731209768
    ],
    [
      0.4094295923838172,
      0.00036218559107380004,
      0.01371880102255503,
      0.38773162445822085,
      0.18875779654433314
    ],
    [
      0.4737193880643987,
      0.3069074451777833,
      0.010233215050315887,
      0.1618840717168364,
      0.04725587999066576
    ],
    [
      0.2453930905867449,
      5.644637414286723e-06,
      0.4434985796302542,
      0.16162363646680222,
      0.14947904867878434
    ],
    [
      0.39415673530344497,
      0.024037652340218964,
      0.3754422050117126,
      0.00398778379057198,
      0.2023756235540515
    ],
    [
      0.39121375063399,
      0.17765521199510292,
      0.04997119359849122,
      0.21196704031745317,
      0.1691928034549628
    ],
    [
      0.39612100254096977,
      0.03277269623237619,
      0.2139088757188081,
      0.002512563305556659,
      0.35468486220228934
    ],
    [
      0.38699978196563234,
      0.26714990529687765,
      0.08221524089315982,
      0.10201259677884948,
      0.1616224750654808
    ],
    [
      0.048170388309098464,
      0.010076502796431842,
      0.5256995526631091,
      0.3125022122113398,
      0.10355134402002082
    ],
    [
      0.39825414328858083,
      0.12013514826760126,
      0.07744029896241125,
      0.005047019341568967,
      0.3991233901398377
    ],
    [
      0.3448099539065866,
      0.10897787830822857,
      0.1369939563379928,
      0.2908689731219407,
      0.11834923832525145
    ],
    [
      0.40984517276727817,
      0.18291201052009393,
      0.029681894122806814,
      0.010513104119165569,
      0.36704781847065543
    ],
    [
      0.178431315728423,
      0.24169372231736813,
      0.1405146706307926,
      0.3668246017172046,
      0.07253568960621175
    ],
    [
      0.4805741170106537,
      0.1712721553721531,
      0.000398094867017342,
      0.2968729173096148,
      0.050882715440561124
    ],
    [
      0.4370566118130722,
      0.3050309583976856,
      0.07819472817919769,
      9.999990000957244e-07,
      0.1797167016110443
    ],
    [
      0.4507886591428844,
      0.008661088643255368,
      0.12804020523186624,
      0.09834653296753472,
      0.3141635140144593
    ],
    [
      0.5035721604975874,
      0.3505594508289016,
      0.018146324873697987,
      0.006952532070351903,
      0.12076953172946134
    ],
    [
      0.5443429653707832,
      0.03863457053001719,
      0.012291672716246147,
      0.13431020602817245,
      0.27042058535478114
    ],
    [
      0.32125202932742497,
      0.3762179858851867,
      0.010816553004725596,
      0.12782635618671548,
      0.16388707559594728
    ],
    [
      0.20789153977385774,
      0.2701330187145279,
      0.11269753198685642,
      0.20287266894939535,
      0.20640524057536255
    ],
    [
      0.39178984493849384,
      0.2423316284816912,
      0.147871352382825,
      0.006809529804438033,
      0.21119764439255206
    ],
    [
      0.39153702132047274,
      0.06768653146089215,
      0.17536196662104178,
      0.05811016711743853,
      0.3073043134801548
    ],
    [
      0.29139603778716816,
      0.3202676047424714,
      0.24094972934844386,
      0.03149614479834577,
      0.11589048332357094
    ],
    [
      0.36036294395825874,
      0.3597235247367199,
      0.15181933661289973,
      0.015613486647991842,
      0.1124807080441298
    ],
    [
      0.4832932660202554,
      0.3531435961680873,
      0.04920114490652245,
      0.031945915003786365,
      0.0824160779013484
    ],
    [
      0.391144479071449,
      0.00011728251777636904,
      0.3255935128978031,
      0.21939698720626205,
      0.0637477383067095
    ],
    [
      0.38188887726464804,
      0.12374978006513132,
      0.12001862429691088,
      0.2079870757995888,
      0.1663556425737209
    ],
    [
      0.23089243877415155,
      0.3441034662477238,
      0.2937001082508743,
      9.999990103454467e-07,
      0.1313029867282398
    ],
    [
      0.5346549536782538,
      0.30703509249981603,
      0.042656679294770905,
      0.03902644837430978,
      0.07662682615284952
    ],
    [
      0.18399902462374487,
      0.013750552918970054,
      0.36378232684194955,
      0.2917553164108467,
      0.1467127792044889
    ],
    [
      0.5046236509666696,
      0.008911145874037761,
      0.25026186185993304,
      0.16482748430273725,
      0.07137585699662233
    ],
    [
      0.25195010167590676,
      0.08303428729151258,
      0.25531936464538785,
      0.28944857151776965,
      0.1202476748694231
    ],
    [
      0.371292431923711,
      0.04765323650906666,
      0.2719906224793437,
      0.011967812037310238,
      0.2970958970505685
    ],
    [
      0.4630840318540864,
      0.0026380757210622196,
      0.06325770742911149,
      0.17019989127619933,
      0.30082029371954067
    ],
    [
      0.17355475757508237,
      0.3856279462253644,
      0.10971804626551043,
      0.2746130192419307,
      0.05648623069211221
    ],
    [
      0.25523459672262366,
      0.272193578158196,
      0.4418149146831376,
      0.019348229861477193,
      0.011408680574565391
    ],
    [
      0.39403534619325126,
      0.09264710059365941,
      0.09581998572071575,
      0.08201833407198832,
      0.33547923342038527
    ],
    [
      0.3587454197176432,
      0.06536438496037596,
      0.4854925124118763,
      0.058807473923519524,
      0.03159020898658512
    ],
    [
      0.09798385280070585,
      0.1171353505815151,
      0.24895411242672066,
      0.3914121444567916,
      0.14451453973426676
    ],
    [
      0.4436639999054129,
      0.011649869135269353,
      0.10301058406881526,
      0.01541959288255267,
      0.4262559540079498
    ],
    [
      0.3061176447245531,
      0.2928926321328969,
      0.028657216728963483,
      0.14252227187597807,
      0.2298102345376084
    ],
    [
      0.25964797101374554,
      0.19404673441450768,
      0.27993578730049773,
      0.08097152981887436,
      0.1853979774523748
    ],
    [
      0.49569549038958405,
      0.41975823507599036,
      0.010994821421546973,
      0.03809690805500716,
      0.03545454505787146
    ],
    [
      0.38896353718507265,
      0.06972944388858165,
      0.4287418693478772,
      0.07706201930029791,
      0.03550313027817058
    ],
    [
      0.6404849686884972,
      0.045171230654809734,
      0.04315817271239409,
      0.0018402477382497865,
      0.2693453802060492
    ],
    [
      0.2187734282870082,
      0.3924676191468893,
      0.29823408965080267,
      0.019244885352289687,
      0.0712799775630102
    ],
    [
      0.34035998717596105,
      0.26422063190847755,
      0.283399816694406,
      0.052971034970463585,
      0.05904852925069179
    ],
    [
      0.49558486398815843,
      0.20861606333865076,
      0.06079062335462846,
      0.0005055313563082918,
      0.23450291796225403
    ],
    [
      0.31677437524833274,
      0.00741821377316657,
      0.2250717153598672,
      0.2905122053871671,
      0.1602234902314664
    ],
    [
      0.46960468300289676,
      0.03531018847749848,
      0.010566813461209173,
      0.4723688546106144,
      0.012149460447781361
    ],
    [
      0.32522878771080777,
      0.007846375176420563,
      0.2618521724909992,
      0.03825473880732244,
      0.36681792581445005
    ],
    [
      0.5079947864807859,
      0.004943585027581226,
      0.050830704002032066,
      0.13018321133680144,
      0.3060477131527994
    ],
    [
      0.2582408219516901,
      0.1460397237840382,
      0.006814573993152095,
      0.33543964778437746,
      0.2534652324867422
    ],
    [
      0.39833085673014507,
      0.07528512646019377,
      0.06701704313074473,
      0.04586007958881226,
      0.4135068940901042
    ],
    [
      0.31790687672705226,
      0.4127658695094029,
      0.13373219711704576,
      0.11207123347960671,
      0.023523823166892388
    ],
    [
      0.47054446856893906,
      0.013668553364970842,
      0.23445214437773254,
      0.0637746716397613,
      0.2175601620485963
    ],
    [
      0.18150952790701827,
      0.11171440384425978,
      0.30855555007302343,
      0.07267106951615196,
      0.32554944865954655
    ],
    [
      0.42354745193234544,
      0.02144715765900565,
      0.052057209425394366,
      0.018900349872652683,
      0.48404783111060196
    ],
    [
      0.3878179686281595,
      0.02459576235170964,
      0.00851865372989729,
      0.03601020300808688,
      0.5430574122821467
    ],
    [
      0.552501382810383,
      0.2536245954183915,
      0.09310094192345955,
      0.0974968821820162,
      0.0032761976657497854
    ],
    [
      0.5004678941742576,
      5.6879356001933216e-05,
      0.13937428770874377,
      0.028525101447284953,
      0.3315758373137117
    ],
    [
      0.3327919065195774,
      0.09765199015366086,
      0.15200674343165144,
      0.3543428309567513,
      0.06320652893835894
    ],
    [
      0.26316713303944284,
      0.16562793994021405,
      0.03261220654456974,
      0.03447389318189851,
      0.5041188272938748
    ],
    [
      0.3480186343375852,
      0.3474894358484878,
      0.02364085344050391,
      0.19137043805568954,
      0.0894806383177336
    ],
    [
      0.360674725769954,
      0.02135718238022535,
      0.17475896892532106,
      0.42030457090876566,
      0.022904552015734006
    ],
    [
      0.1573150528044691,
      0.2870736553746415,
      0.14086655536035925,
      0.359405645324556,
      0.055339091135974225
    ],
    [
      0.3297746604738777,
      0.042062965744784235,
      0.26660976321306745,
      0.3606561154578088,
      0.0008964951104618345
    ],
    [
      0.48470954687018797,
      0.0680107499689687,
      0.27233293343679826,
      0.1667414220504956,
      0.008205347673549489
    ],
    [
      0.19167232520308805,
      0.04029668432935357,
      0.45796189474396964,
      0.14096420965758166,
      0.16910488606600718
    ],
    [
      0.4970572827894263,
      0.02807349099774375,
      0.061706349698764505,
      0.05483011736577709,
      0.3583327591482882
    ],
    [
      0.4094295923838172,
      0.00036218559107380004,
      0.01371880102255503,
      0.38773162445822085,
      0.18875779654433314
    ],
    [
      0.3026741600927842,
      0.01704187865892492,
      0.2950861427254257,
      0.1873496021473447,
      0.19784821637552052
    ],
    [
      0.29086035209088934,
      0.2703568721043233,
      0.3041879948246376,
      0.1340518733799482,
      0.0005429076002017317
    ],
    [
      0.27540440831920493,
      0.549330367217828,
      0.0304390123841591,
      0.05906327905344052,
      0.08576293302536744
    ],
    [
      0.3699227717042596,
      0.2715331916139664,
      0.11821450279158932,
      0.015701744659784973,
      0.22462778923039983
    ],
    [
      0.4076772183785246,
      0.051347362097216825,
      0.13723240972717832,
      0.05558903808218742,
      0.3481539717148929
    ],
    [
      0.19609019230533623,
      0.17031052287422457,
      0.009692568433285248,
      0.3485873882604637,
      0.27531932812669035
    ],
    [
      0.2652007245957497,
      0.13617376874439424,
      0.0862572952185644,
      0.0005038914142061682,
      0.5118643200270856
    ],
    [
      0.47389335135771377,
      0.3928928282958362,
      0.11359801715700116,
      0.019614803190085982,
      9.999993628643558e-07
    ],
    [
      0.3853267941195757,
      0.10216410886957787,
      0.027994950366038676,
      0.43086463658043084,
      0.05364951006437688
    ],
    [
      0.4073177071759838,
      3.888044915926139e-05,
      0.01826028417343673,
      0.4337393839340219,
      0.1406437442673983
    ],
    [
      0.5882977470906802,
      0.037398831903889436,
      0.003764906081921637,
      0.09196647508861581,
      0.278572039834893
    ],
    [
      0.35899584376219607,
      0.08664492691033028,
      0.06529289810472384,
      0.012100844609209885,
      0.47696548661353994
    ],
    [
      0.4927768973753304,
      0.39961229589637626,
      0.019285264171686294,
      0.020572217785186624,
      0.06775332477142046
    ],
    [
      0.3428397473086167,
      0.007437056187123346,
      0.13231407312896715,
      0.2408002116118501,
      0.27660891176344277
    ],
    [
      0.21501223399032537,
      0.3968911019933347,
      0.14365782904321533,
      0.22826186041142715,
      0.01617697456169741
    ],
    [
      0.4452939887117133,
      0.0807926304504087,
      0.0015910494734213301,
      0.20929728905044354,
      0.26302504231401325
    ],
    [
      0.2476490237219486,
      0.006967703763080728,
      0.24152963523972693,
      0.01965626231107654,
      0.4841973749641671
    ],
    [
      0.629899244103119,
      0.12624508079320665,
      0.03686814064370852,
      0.020208634402282755,
      0.1867789000576831
    ],
    [
      0.4168844408545982,
      0.015169607617576854,
      0.04461448524870601,
      0.15341651277200702,
      0.36991495350711195
    ],
    [
      0.3331103996037953,
      0.4355999269836242,
      0.18146064655669428,
      0.018875799554639416,
      0.030953227301246937
    ],
    [
      0.5440321731041021,
      0.03695868889669853,
      0.03668192841914815,
      0.3124129734768049,
      0.06991423610324633
    ],
    [
      0.44878805042858944,
      0.09039383163361094,
      0.28247817688100946,
      0.03556407913042294,
      0.14277586192636715
    ],
    [
      0.24600379482934281,
      0.07152771027594028,
      0.08105835057593656,
      0.35638041763825357,
      0.24502972668052675
    ],
    [
      0.4554617515170829,
      0.0002555666006128935,
      0.04223460685391924,
      0.49076959361326006,
      0.011278481415124865
    ],
    [
      0.393313138907008,
      0.0004130115463621424,
      0.20264176859389008,
      0.009907732123382623,
      0.39372434882935725
    ],
    [
      0.50410021989975,
      0.1384097287720185,
      0.014949189860955227,
      0.0013945139060719172,
      0.3411463475612043
    ],
    [
      0.3105684637025711,
      0.2896021750220827,
      0.05476351367298865,
      0.3040800952106005,
      0.04098575239175714
    ],
    [
      0.3207814892366856,
      0.37493672192386807,
      0.031915157631537114,
      0.25138755821054026,
      0.02097907299736906
    ],
    [
      0.47584493152987145,
      0.13288942570303586,
      0.18714907628320318,
      0.1061967943329096,
      0.09791977215097988
    ],
    [
      0.08002536540167329,
      0.06703657185373196,
      0.36512212892463114,
      0.02922913319995359,
      0.45858680062001006
    ],
    [
      0.5803508487417793,
      0.057297898018899555,
      0.10973745331302721,
      0.09675155603872301,
      0.15586224388757097
    ],
    [
      0.3107844735841813,
      0.06138007815442261,
      0.0024863622302669385,
      0.19806784045791848,
      0.42728124557321073
    ],
    [
      0.33201047018948704,
      0.36259882020548456,
      0.03543888013243872,
      0.050610991264748904,
      0.21934083820784075
    ],
    [
      0.3143335300880837,
      0.024177798547061338,
      0.06476658938894898,
      0.48733667788510887,
      0.10938540409079717
    ],
    [
      0.30496142325178854,
      0.2448898755990673,
      0.06695153832701506,
      0.20893425220000086,
      0.17426291062212823
    ],
    [
      0.47559122982834995,
      0.1860509520230775,
      0.07993948110310194,
      0.13654011949576866,
      0.12187821754970202
    ],
    [
      0.3035314189838288,
      0.009196620935082722,
      0.12831081165549862,
      0.49249510248885287,
      0.06646604593673698
    ],
    [
      0.3462904223516388,
      0.08225996751355082,
      0.200674159724852,
      0.009625942827207109,
      0.36114950758275133
    ],
    [
      0.6384487378098561,
      0.3454189690933177,
      0.009353135173849975,
      0.0024837288361643233,
      0.0042954290868119785
    ],
    [
      0.1548347889564383,
      0.045276374640045365,
      0.4147531600154633,
      0.032511089310217574,
      0.35262458707783545
    ],
    [
      0.33508943030866956,
      0.25183104444337573,
      0.21144035932346972,
      0.20115716802563172,
      0.00048199789885329823
    ],
    [
      0.3857677657429045,
      0.42296167004179414,
      0.057485920013810046,
      0.02766746701686274,
      0.1061171771846286
    ],
    [
      0.3729864054339773,
      0.1356757792281492,
      0.44284704238811706,
      0.01572381587840138,
      0.03276695707135482
    ],
    [
      0.4337165138904645,
      0.01706064703646163,
      0.00020392330331774972,
      0.19287247514579306,
      0.3561464406239631
    ],
    [
      0.3913217754026144,
      0.04148303952301475,
      0.15967485790044567,
      0.06518642338858252,
      0.3423339037853426
    ],
    [
      0.36035528732457095,
      0.24498725925523612,
      0.36738715783206255,
      0.014953103761193229,
      0.012317191826937069
    ],
    [
      0.4143904411734418,
      0.23767461666971024,
      0.027506157861902525,
      0.1680684809104914,
      0.15236030338445417
    ],
    [
      0.46763702869562634,
      0.3558279965188383,
      0.0143469664175002,
      0.11277732119234059,
      0.049410687175694454
    ],
    [
      0.33833891427253465,
      0.27622311999495874,
      0.14854326990331965,
      0.2194152824137555,
      0.017479413415431425
    ],
    [
      0.6312410467799411,
      0.2570401182933082,
      0.02272275652651859,
      0.045513867808729735,
      0.04348221059150245
    ],
    [
      0.38008440098338964,
      0.002357746998471807,
      0.1358720948412606,
      0.08322637242265582,
      0.39845938475422227
    ],
    [
      0.36711319901584666,
      0.24181073498218986,
      0.3869703069617582,
      0.001526021125932215,
      0.0025797379142731666
    ],
    [
      0.4160245578073094,
      0.00033904387239949116,
      0.0002323082337311503,
      0.11207038321962005,
      0.47133370686693987
    ],
    [
      0.2199348216191024,
      0.20937004869384299,
      0.10110140228144396,
      0.12187612936265568,
      0.34771759804295505
    ],
    [
      0.31331027701653846,
      0.16277722515485518,
      0.28816177703237145,
      0.004852013089069382,
      0.23089870770716556
    ],
    [
      0.38699978196563234,
      0.26714990529687765,
      0.08221524089315982,
      0.10201259677884948,
      0.1616224750654808
    ],
    [
      0.4076772183785246,
      0.051347362097216825,
      0.13723240972717832,
      0.05558903808218742,
      0.3481539717148929
    ],
    [
      0.3302264344587033,
      0.011332912322320999,
      0.27964147959913405,
      0.3761725913862277,
      0.002626582233613903
    ],
    [
      0.11945077994733756,
      0.025550224015491726,
      0.39193556399972124,
      0.059458969683196014,
      0.4036044623542535
    ],
    [
      0.21501223399032537,
      0.3968911019933347,
      0.14365782904321533,
      0.22826186041142715,
      0.01617697456169741
    ],
    [
      0.47705573944381163,
      0.4078078081039157,
      0.04655278908057884,
      0.0006433586721553492,
      0.06794030469953859
    ],
    [
      0.48051756038989674,
      0.31466274326678056,
      0.07559630425512326,
      0.11160162400613,
      0.017621768082069618
    ],
    [
      0.47239766434762614,
      0.010072281185834022,
      0.24078422812674463,
      0.0383153259284095,
      0.2384305004113857
    ],
    [
      0.3853267941195757,
      0.10216410886957787,
      0.027994950366038676,
      0.43086463658043084,
      0.05364951006437688
    ],
    [
      0.4002884843574299,
      0.02214220967478818,
      0.1035804139626631,
      0.025631323066823457,
      0.4483575689382954
    ],
    [
      0.2487642530968232,
      0.031030684915152575,
      0.3711901879198061,
      0.3181089875613168,
      0.030905886506901344
    ],
    [
      0.3221021517475436,
      0.1254357077308447,
      0.34419164033011174,
      0.0036742055071095955,
      0.20459629468439033
    ],
    [
      0.48512529134975646,
      0.1332245543283308,
      0.2686266919961926,
      0.1117423906909933,
      0.0012810716347268578
    ],
    [
      0.4737193880643987,
      0.3069074451777833,
      0.010233215050315887,
      0.1618840717168364,
      0.04725587999066576
    ],
    [
      0.18150952790701827,
      0.11171440384425978,
      0.30855555007302343,
      0.07267106951615196,
      0.32554944865954655
    ],
    [
      0.4530651789714,
      0.0602871655708522,
      0.059832384096295994,
      0.07400486814376833,
      0.3528104032176835
    ],
    [
      0.2664039900035866,
      0.16292641469440902,
      0.22205676410007547,
      0.2492283461785986,
      0.09938448502333021
    ],
    [
      0.4277036879836582,
      0.1431543882103408,
      0.0983641355958443,
      0.3300618242368185,
      0.0007159639733381543
    ],
    [
      0.38796029752070754,
      0.055550558249866815,
      0.09018513550461908,
      0.07437026280290288,
      0.3919337459219038
    ],
    [
      0.20735287352603318,
      0.01761600467282943,
      0.33531536065625484,
      0.4065806974843307,
      0.03313506366055195
    ],
    [
      0.49987278646316263,
      0.05357220502832082,
      0.06527773013252368,
      0.0021294631705456404,
      0.37914781520544716
    ],
    [
      0.31943754492973686,
      0.21923845564181502,
      0.3312855885555882,
      0.021769380610220268,
      0.1082690302626397
    ],
    [
      0.36196450443556144,
      0.007750884220960912,
      0.1003508434088942,
      0.011085651127080213,
      0.5188481168075033
    ],
    [
