{
  "sample_file": "C07_RD14-0003-30_31_32_33_34-1;1;1;1;1-M1e-0.315IP-Q1.9_003.5sec.fsa",
  "predicted_noc": 5,
  "noc_confidence": 1.0,
  "posterior_summary": {
    "Mx_1": {
      "mean": 0.39634049485886325,
      "std": 0.13794300399764442,
      "median": 0.4211823230645125,
      "mode": 0.48786670615153716,
      "credible_interval_95": [
        0.08986777085125376,
        0.6090528521263815
      ],
      "credible_interval_90": [
        0.14073941048128719,
        0.5880527720238385
      ],
      "hpdi_95": [
        0.09391929224813488,
        0.6104520644175826
      ],
      "min": 0.0015345787912196837,
      "max": 0.7079586178036515
    },
    "Mx_2": {
      "mean": 0.1488205752018281,
      "std": 0.1388321223966787,
      "median": 0.10268189449418638,
      "mode": 0.029478728941314924,
      "credible_interval_95": [
        0.000445144396003975,
        0.4747421070884631
      ],
      "credible_interval_90": [
        0.001926695563713069,
        0.4166100922359706
      ],
      "hpdi_95": [
        9.99999000001e-07,
        0.41976449373470737
      ],
      "min": 9.999985938366922e-07,
      "max": 0.6517863399543157
    },
    "Mx_3": {
      "mean": 0.14022630303340985,
      "std": 0.13358303586574022,
      "median": 0.10039653984785966,
      "mode": 0.024936112551047745,
      "credible_interval_95": [
        0.00011841576225691838,
        0.44578692006724824
      ],
      "credible_interval_90": [
        0.001034099756289051,
        0.3994426953459912
      ],
      "hpdi_95": [
        9.999985938366922e-07,
        0.40184506132057307
      ],
      "min": 9.999985938366922e-07,
      "max": 0.6202619247408848
    },
    "Mx_4": {
      "mean": 0.15997605980340432,
      "std": 0.14587900287714364,
      "median": 0.12337075615352872,
      "mode": 0.028357713892546134,
      "credible_interval_95": [
        0.0002695962781187044,
        0.4877371025678363
      ],
      "credible_interval_90": [
        0.0018034345845730222,
        0.439658091329489
      ],
      "hpdi_95": [
        9.999990000352943e-07,
        0.44097951983066164
      ],
      "min": 9.999990000352943e-07,
      "max": 0.626999451645186
    },
    "Mx_5": {
      "mean": 0.15463656710249452,
      "std": 0.13774405045500537,
      "median": 0.11074314682941258,
      "mode": 0.035423115837092206,
      "credible_interval_95": [
        0.0009311628846646172,
        0.454505299270711
      ],
      "credible_interval_90": [
        0.00305889547541798,
        0.4251863070866394
      ],
      "hpdi_95": [
        9.999990000056033e-07,
        0.4254502225341006
      ],
      "min": 9.999990000056033e-07,
      "max": 0.5874177543140291
    },
    "model_quality": {
      "acceptance_rate": 0.2037,
      "n_effective_samples": 1200,
      "converged": true,
      "final_step_size": 1.0
    },
    "contributor_ranking": [
      [
        1,
        0.39634049485886325
      ],
      [
        4,
        0.15997605980340432
      ],
      [
        5,
        0.15463656710249452
      ],
      [
        2,
        0.1488205752018281
      ],
      [
        3,
        0.14022630303340985
      ]
    ]
  },
  "convergence_diagnostics": {
    "effective_sample_size": [
      751.7595290416883,
      1132.375622975821,
      755.9422622777577,
      834.985929283571,
      1062.5321589185896
    ],
    "min_ess": 751.7595290416883,
    "geweke_scores": [
      0.06902902622644116,
      0.11398137985359538,
      0.21749815083921276,
      0.08520247797383891,
      0.07652930781901394
    ],
    "max_geweke": 0.21749815083921276,
    "convergence_status": "Good",
    "convergence_issues": [],
    "true_value_bias": {
      "max_bias": 0.19634049485886323,
      "mean_bias": 0.07853619794354527,
      "bias_per_component": [
        0.19634049485886323,
        0.05117942479817181,
        0.05977369696659013,
        0.04002394019659575,
        0.04536343289750541
      ],
      "acceptable": false
    }
  },
  "computation_time": 6235.632905006409,
  "timestamp": "2025-06-10 17:25:15",
  "true_contributor_ids": [
    "30",
    "31",
    "32",
    "33",
    "34"
  ],
  "true_mixture_ratios": [
    0.2,
    0.2,
    0.2,
    0.2,
    0.2
  ],
  "sample_mixture_ratios": [
    [
      0.392966069127659,
      0.060965904442059925,
      0.037709520368910086,
      0.35441799331945584,
      0.15394051274191506
    ],
    [
      0.4118680662414005,
      0.01723290178736175,
      0.09711944767282568,
      0.45864953257179586,
      0.015130051726616201
    ],
    [
      0.3730550810139196,
      0.3652776177580508,
      0.07187438217165601,
      0.17590434116263692,
      0.01388857789373677
    ],
    [
      0.42603769026271154,
      0.05545461051299997,
      0.18211860495469961,
      0.19005076291455206,
      0.14633833135503682
    ],
    [
      0.29653024045196197,
      0.06606036150509784,
      0.34514248829887256,
      0.03188137967106732,
      0.2603855300730003
    ],
    [
      0.22558246116311967,
      0.20973034573876967,
      0.22104630784809423,
      4.937022733749657e-05,
      0.343591515022679
    ],
    [
      0.6009970321547077,
      0.016983643373272597,
      0.03405644571981873,
      0.055821191017845606,
      0.29214168773435556
    ],
    [
      0.3012522066911924,
      0.11768556565615079,
      0.3546596530660585,
      0.0651209903440358,
      0.16128158424256245
    ],
    [
      0.5201076211464911,
      0.011909278881048915,
      0.021244984555965442,
      0.022668402571727257,
      0.42406971284476724
    ],
    [
      0.42861090765079635,
      0.28632363633129937,
      0.27995452521945036,
      0.0018421133349935904,
      0.0032688174634602006
    ],
    [
      0.5837316617826088,
      0.13625519110087966,
      0.2233994307723669,
      0.04590265323532794,
      0.010711063108816754
    ],
    [
      0.2002756180790183,
      0.060337612860501565,
      0.2804698008501636,
      0.1626157486512326,
      0.29630121955908395
    ],
    [
      0.5371922039488435,
      0.042905108675315995,
      0.41095038669364603,
      0.00019233027506863776,
      0.008759970407125945
    ],
    [
      0.11303689158563505,
      0.08202338064454687,
      0.2360774114525398,
      0.14518213250337259,
      0.42368018381390576
    ],
    [
      0.4135481819565313,
      0.3586596685547599,
      0.051913731153224424,
      0.002522319969139816,
      0.17335609836634464
    ],
    [
      0.5578519737874682,
      0.0016513324168022899,
      0.29259550418263747,
      0.14376972296681936,
      0.004131466646272795
    ],
    [
      0.5186251249510261,
      0.07882557085094016,
      0.21788156552590415,
      0.16193644474927354,
      0.02273129392285612
    ],
    [
      0.4931815285027972,
      0.455195777843892,
      0.001578122949683393,
      0.017635957436618638,
      0.03240861326700883
    ],
    [
      0.09924050507020407,
      0.07990918852083688,
      0.5307571749929508,
      0.28378258293693986,
      0.006310548479068254
    ],
    [
      0.05063341260074159,
      0.370782580514937,
      0.3926256280907784,
      0.013220088140977788,
      0.17273829065256538
    ],
    [
      0.519140130140515,
      0.2628009954475123,
      0.04806624927277331,
      0.05924947830978692,
      0.11074314682941258
    ],
    [
      0.3034078352851355,
      0.1516961558558746,
      0.486008422212197,
      0.00957159201245837,
      0.04931599463433454
    ],
    [
      0.4302241323346978,
      0.23538952824378925,
      0.1120238901632242,
      0.09124762189359023,
      0.13111482736469846
    ],
    [
      0.45533780699310017,
      0.014177413642720967,
      0.11104565855937393,
      0.06978727641217124,
      0.3496518443926338
    ],
    [
      0.35948100559183194,
      0.08702465570778792,
      0.13032986503274363,
      0.41633034260179336,
      0.006834131065843287
    ],
    [
      0.42578499996429386,
      0.3013985147865509,
      0.0675413384030016,
      0.14067638435080645,
      0.06459876249534727
    ],
    [
      0.4717060141015801,
      0.0709464458923867,
      0.4310572069597624,
      0.006784575469949964,
      0.019505757576320806
    ],
    [
      0.42082799469847343,
      0.02385536395758145,
      0.06144344793023169,
      0.022110061524525472,
      0.471763131889188
    ],
    [
      0.43958971093627563,
      0.05696922178312121,
      0.39593297547679435,
      0.10682352750738404,
      0.000684564296424841
    ],
    [
      0.47188035638217624,
      0.04242049364920572,
      0.06225953498492768,
      0.28773706142939676,
      0.1357025535542937
    ],
    [
      0.41501708704351836,
      0.1553996635148353,
      0.2749400476128356,
      0.14976781412681717,
      0.004875387701993512
    ],
    [
      0.5756124155738184,
      0.15574517375174443,
      0.056534328025136416,
      0.15098030124533673,
      0.06112778140396417
    ],
    [
      0.3389670746719764,
      0.2752982568899774,
      0.0073933002363429775,
      0.11789946614929511,
      0.2604419020524082
    ],
    [
      0.20007931923070407,
      0.0004410156516332688,
      0.3484249160583577,
      0.0012586889291962948,
      0.4497960601301086
    ],
    [
      0.3089801043050453,
      0.05176160425445902,
      0.1753738994606329,
      0.44235353073661055,
      0.021530861243252167
    ],
    [
      0.019015414081328164,
      0.10012815838533166,
      0.014200577304528207,
      0.5578819686756111,
      0.30877388155320085
    ],
    [
      0.2669917565818325,
      0.015799739128327297,
      0.09656005739780438,
      0.2508163709967037,
      0.36983207589533224
    ],
    [
      0.43405097616089494,
      0.23208941971288752,
      0.0626035460111324,
      0.19059145272406045,
      0.08066460539102471
    ],
    [
      0.4369524060345442,
      0.08105634618551405,
      0.3918954551933206,
      0.0046014189687718695,
      0.08549437361784923
    ],
    [
      0.16544815483290962,
      0.17755615420825477,
      0.21469608294671055,
      0.37522302373491395,
      0.06707658427721123
    ],
    [
      0.46693642127791574,
      0.09250931405122473,
      0.02489522592634234,
      0.13580672256188153,
      0.2798523161826357
    ],
    [
      0.5479153567628189,
      0.04201736642443514,
      0.3086909961182785,
      0.0018043496470783796,
      0.09957193104738915
    ],
    [
      0.4863047518855155,
      0.02797487611863759,
      0.4478967753318977,
      0.01609755999537688,
      0.02172603666857246
    ],
    [
      0.3818726786186181,
      0.24717875042124016,
      0.030906443022736915,
      0.26198752306196915,
      0.07805460487543565
    ],
    [
      0.4678881081932835,
      0.34700692315091586,
      0.0013585532978250875,
      0.09503313707925187,
      0.08871327827872365
    ],
    [
      0.39273737201687353,
      0.213039782350447,
      0.3327544650225592,
      0.03836964206050654,
      0.023098738549613963
    ],
    [
      0.47008502442504296,
      0.0871751474250606,
      0.2841995193994821,
      0.0998903017004689,
      0.058650007049945434
    ],
    [
      0.055800354912046574,
      0.44925496925481545,
      0.4498524127864145,
      0.030907074699284345,
      0.014185188347439186
    ],
    [
      0.3823845377990364,
      0.10262482141840173,
      0.031720536665988903,
      0.06034219616586193,
      0.42292790795071106
    ],
    [
      0.08937363138534625,
      0.3020167120238195,
      0.31304400544932826,
      0.2619262621282791,
      0.03363938901322709
    ],
    [
      0.5393667305668051,
      0.01808861386017779,
      0.01736279124931371,
      0.3216712804787433,
      0.10351058384496016
    ],
    [
      0.4734730705810946,
      0.45129712227918845,
      0.061051839084841186,
      0.007174286153688918,
      0.007003681901186833
    ],
    [
      0.434566394562988,
      0.09684497735919025,
      0.03824467228205543,
      0.43034295579661985,
      9.999991465818509e-07
    ],
    [
      0.4700480257533522,
      0.44539049016784193,
      0.016306141872126815,
      0.05640584728851848,
      0.011849494918160484
    ],
    [
      0.40966431468241754,
      0.0013837562434487465,
      0.18986200714017856,
      0.288704001153647,
      0.11038592078030825
    ],
    [
      0.3521888980125623,
      0.5062438941347079,
      0.01768798041440973,
      0.05885409992167628,
      0.06502512751664381
    ],
    [
      0.4599994840142689,
      0.0009123587678888735,
      0.009271969222435486,
      0.5123747967950417,
      0.01744139120036512
    ],
    [
      0.5685037230390056,
      0.030031845584657702,
      0.00018276071941003292,
      0.31886247064445633,
      0.08241920001247034
    ],
    [
      0.2766247412843304,
      0.15973454457694475,
      0.4457697640543299,
      0.02567100411983312,
      0.09219994596456182
    ],
    [
      0.3785899127989024,
      9.99999000001e-07,
      0.21861002900077078,
      0.13919477409675096,
      0.26360428410457587
    ],
    [
      0.49669665715808864,
      0.2546199437435785,
      0.2468974688172168,
      0.0009863250823897813,
      0.0007996051987261788
    ],
    [
      0.5034067292291898,
      0.025942528657152034,
      0.3850530497215023,
      0.007654704871802693,
      0.07794298752035315
    ],
    [
      0.5348517538422266,
      0.0018263572303652245,
      0.00043688165220694965,
      0.1823790807454488,
      0.28050592652975254
    ],
    [
      0.4361744788724255,
      0.23618216391544516,
      0.015144378755729106,
      0.3109048786839428,
      0.0015940997724575242
    ],
    [
      0.6054431422921444,
      0.3476985114306662,
      0.018780693494523746,
      0.02324954858712387,
      0.004828104195541876
    ],
    [
      0.3072151468186169,
      0.4912788613451102,
      0.09961210792422297,
      0.04262270014102441,
      0.05927118377102563
    ],
    [
      0.09474489217461707,
      0.38910442400448436,
      0.3750128866302072,
      9.105765075081645e-06,
      0.14112869142561627
    ],
    [
      0.3936680196830962,
      0.1665607581139179,
      0.017749514723440815,
      0.1930413633950832,
      0.22898034408446194
    ],
    [
      0.36876496784228574,
      0.016423971468267524,
      0.3021531277207421,
      0.1557843519509628,
      0.15687358101774201
    ],
    [
      0.45126257580148044,
      0.0002838346519073099,
      0.0133110046328285,
      0.5101026119185852,
      0.025039972995198646
    ],
    [
      0.07668780255215508,
      0.37104530627506394,
      0.05279801144639355,
      0.25726861041465166,
      0.24220026931173583
    ],
    [
      0.33854187695665106,
      0.10458783353900424,
      0.07928891343322877,
      0.03263040779978996,
      0.44495096827132596
    ],
    [
      0.4301919193830209,
      0.004758280709852111,
      0.5054293759910811,
      0.01211476966934859,
      0.04750565424669736
    ],
    [
      0.5541409395377501,
      0.004949099689526107,
      0.38974607177165227,
      0.01923401767051714,
      0.031929871330554464
    ],
    [
      0.343748009451324,
      0.02204708439590867,
      0.002124663236673565,
      0.27697063364554275,
      0.355109609270551
    ],
    [
      0.3550680935198503,
      0.2610261820878107,
      0.11547703562770363,
      0.021507351769500672,
      0.2469213369951346
    ],
    [
      0.3258243485268773,
      0.3575769799344523,
      0.04926769518075646,
      0.0822162139742524,
      0.18511476238366156
    ],
    [
      0.2406438857330521,
      0.14321494055070733,
      0.10315762617391205,
      0.16406546864997731,
      0.34891807889235116
    ],
    [
      0.41684359133201593,
      0.07481747234122939,
      0.04143680471879168,
      0.36138287114459633,
      0.10551926046336671
    ],
    [
      0.31153474052636276,
      0.018038409537475587,
      0.047790566385134334,
      0.6098366730865862,
      0.012799610464441122
    ],
    [
      0.29512148502695845,
      9.999985938366922e-07,
      9.999985938366922e-07,
      0.4829848193196341,
      0.2218916956562197
    ],
    [
      0.3382673354637452,
      0.09219174351293646,
      0.22923577330287503,
      0.1396052278363273,
      0.20069991988411603
    ],
    [
      0.40124298930670715,
      0.05661624058734704,
      0.07291591532941355,
      0.3615237383957414,
      0.10770111638079088
    ],
    [
      0.4670824769108436,
      0.282303255005755,
      0.009283752447279347,
      0.16328965291965497,
      0.078040862716467
    ],
    [
      0.3651192752749524,
      0.003346762516361191,
      0.25323509635073577,
      0.18098372102665383,
      0.19731514483129672
    ],
    [
      0.2614673653857965,
      0.30449323467234685,
      0.009875490540279573,
      0.05062551691555526,
      0.3735383924860217
    ],
    [
      0.36494042308405067,
      0.10151304448199822,
      0.43119484869482216,
      0.08040127006044098,
      0.021950413678688007
    ],
    [
      0.664199465247747,
      0.04461973561395237,
      0.22928923445743526,
      0.054233836916753875,
      0.007657727764111514
    ],
    [
      0.4268060326572167,
      0.2731302927718143,
      0.11265851369102609,
      0.08713316244444226,
      0.10027199843550076
    ],
    [
      0.21807842509591396,
      0.15062392986793574,
      0.4225493809860489,
      0.09460751379966269,
      0.11414075025043863
    ],
    [
      0.38266007173018585,
      0.056071094315523144,
      0.0320419476550358,
      0.15031666490769688,
      0.3789102213915583
    ],
    [
      0.3590041814446827,
      0.29458210000999874,
      0.15331764154163505,
      0.03366520781723143,
      0.15943086918645202
    ],
    [
      0.08743587425150531,
      0.033057268365329635,
      0.29664601439945754,
      0.5176052407544582,
      0.06525560222924937
    ],
    [
      0.48892979870142916,
      0.01620162910488024,
      0.010355710333297203,
      0.15641368644491957,
      0.3280991754154738
    ],
    [
      0.4297441152040787,
      0.0174456581146557,
      0.11760144531371906,
      0.15744310183411298,
      0.2777656795334335
    ],
    [
      0.34286575859471957,
      0.0016657768859850732,
      0.2176082772918994,
      0.08893200279283038,
      0.3489281844345657
    ],
    [
      0.4876843882890779,
      0.002084825486864994,
      0.061584847197890695,
      0.3557424610937801,
      0.09290347793238635
    ],
    [
      0.20360838029996806,
      0.24948820649765482,
      0.4031201430935389,
      0.01726168306250485,
      0.12652158704633326
    ],
    [
      0.22094257229533468,
      0.18244626397694183,
      0.25124871243344227,
      0.256641764752209,
      0.08872068654207232
    ],
    [
      0.2092753749829379,
      0.3099678396564954,
      0.012592027033607907,
      0.4083920558993243,
      0.059772702427634494
    ],
    [
      0.03894120738255233,
      0.05446785302483766,
      0.007329799534664415,
      0.3441400100976916,
      0.5551211299602541
    ],
    [
      0.51604248897831,
      0.048501530149261285,
      0.10204690925598463,
      0.0749199886912046,
      0.2584890829252396
    ],
    [
      0.28204503206161735,
      0.08843535676603749,
      0.35681902528409215,
      0.06320664147278016,
      0.20949394441547298
    ],
    [
      0.27014414592118763,
      0.027845969727662324,
      0.1798000962095473,
      0.2890296241964021,
      0.23318016394520064
    ],
    [
      0.12273089235804596,
      0.21446309762035373,
      0.33171893516742107,
      0.02853437453038188,
      0.3025527003237973
    ],
    [
      0.506585596433947,
      0.04202571183536761,
      0.0015326466824500792,
      0.4486798964868265,
      0.0011761485614087289
    ],
    [
      0.38379440128821557,
      0.009851054205345254,
      0.05918120057551741,
      0.44753131823267733,
      0.0996420256982445
    ],
    [
      0.2886686627973203,
      0.45654868396573267,
      0.04024877839577896,
      0.20945686302095082,
      0.005077011820217254
    ],
    [
      0.4148109062549432,
      0.015549663147793907,
      0.2189947211228499,
      0.026951087375110514,
      0.3236936220993024
    ],
    [
      0.40261819858397363,
      0.15201632654480077,
      0.11542956418224343,
      0.3254779729049409,
      0.004457937784041296
    ],
    [
      0.2535263710055071,
      0.1867011826074784,
      0.26828263915898176,
      0.29137818617392475,
      0.00011162105410778971
    ],
    [
      0.5250739429972888,
      0.0827937927244651,
      0.16810760747413453,
      0.15751470870635917,
      0.06650994809775243
    ],
    [
      0.38970087334488246,
      0.07176817164843986,
      0.14574222411752083,
      0.35224724417484776,
      0.04054148671430894
    ],
    [
      0.4078117945072284,
      2.806199034659551e-06,
      0.5830616951325838,
      0.0012681050770824728,
      0.007855599084070656
    ],
    [
      0.44597738337625326,
      0.17215329674479662,
      0.052066864505215166,
      0.013077512979794384,
      0.31672494239394056
    ],
    [
      0.06153053132585444,
      0.18711024793271028,
      0.2392116001319633,
      0.13010779340183892,
      0.382039827207633
    ],
    [
      0.48471489074224616,
      0.004196389264007257,
      0.002773580632092148,
      0.272750635765246,
      0.23556450359640835
    ],
    [
      0.20959497430042592,
      0.20114014088115867,
      0.09024992738383539,
      0.31992048165966996,
      0.17909447577491006
    ],
    [
      0.38711408050652546,
      0.0047559689866127595,
      0.08380203224924755,
      0.07125021616995858,
      0.4530777020876558
    ],
    [
      0.15126276253983392,
      0.06505020829979476,
      0.06512707405431253,
      0.2411546384172762,
      0.4774053166887826
    ],
    [
      0.5503269708845134,
      0.0021603441618547833,
      0.08746473066508627,
      0.20790889234268922,
      0.15213906194585622
    ],
    [
      0.5501588334156953,
      0.0811942407690347,
      0.23016663623102462,
      0.03603513535488378,
      0.10244515422936164
    ],
    [
      0.5588591032030402,
      0.24633162628271357,
      0.022284139990545637,
      0.11302365002356632,
      0.059501480500134346
    ],
    [
      0.5482334092047024,
      0.04362580336711431,
      0.04652724068471548,
      0.3073296939381484,
      0.054283852805319326
    ],
    [
      0.5445249673040512,
      0.37857236790827753,
      0.0500357658098293,
      0.026865898978841854,
      9.999990001205789e-07
    ],
    [
      0.4106393750572345,
      0.02782729529128157,
      0.06818027732368392,
      0.030976499204904483,
      0.46237655312289544
    ],
    [
      0.43695297133416366,
      0.47994108432559146,
      0.0022750038203722075,
      0.012775837142847211,
      0.06805510337702553
    ],
    [
      0.4981395928274768,
      0.31872187996563933,
      0.09341476640441143,
      0.010050339297024384,
      0.0796734215054482
    ],
    [
      0.27154351404714483,
      0.13416569825022814,
      0.2525395116469698,
      0.32879823736145636,
      0.012953038694200792
    ],
    [
      0.28599690541496514,
      0.057383011703137025,
      0.2315165750123317,
      0.24642989482102468,
      0.17867361304854135
    ],
    [
      0.5044959061674673,
      0.0008009715403975136,
      0.03467530048381179,
      0.21628624652432651,
      0.24374157528399681
    ],
    [
      0.2198075523096013,
      0.00030581592568514114,
      0.37643508277119164,
      0.38894582082568624,
      0.014505728167835557
    ],
    [
      0.5658232944130859,
      0.08546760912050728,
      0.2242090897035784,
      0.12174781415197987,
      0.002752192610848506
    ],
    [
      0.47377305201389364,
      0.011597332854978088,
      0.3687100263267863,
      0.01398546154404314,
      0.1319341272602989
    ],
    [
      0.3694819427471325,
      0.3182837732184804,
      0.07789907076054108,
      0.11502090934016294,
      0.11931430393368304
    ],
    [
      0.23769264372160376,
      0.056756752643477015,
      0.19263896500333375,
      0.18429644074819318,
      0.3286151978833924
    ],
    [
      0.3818625944665905,
      0.27764729546601036,
      0.1026271454669957,
      0.23490444937482935,
      0.0029585152255740595
    ],
    [
      0.4597272583926466,
      0.06492378007987072,
      0.007172911906716558,
      0.4218667708140655,
      0.04630927880670075
    ],
    [
      0.4711361218451452,
      0.41976449373470737,
      0.021374576422304288,
      0.033336240751986504,
      0.05438856724585662
    ],
    [
      0.25265484291465673,
      0.37087584888559194,
      0.0016390086152517289,
      0.07036485633678705,
      0.30446544324771263
    ],
    [
      0.49706182362697626,
      0.20759405835662467,
      0.24348558975839346,
      0.007747271094091179,
      0.044111257163914556
    ],
    [
      0.33723767187218795,
      0.004013507471811691,
      0.10046142442146253,
      0.42091038232028305,
      0.13737701391425478
    ],
    [
      0.3550680935198503,
      0.2610261820878107,
      0.11547703562770363,
      0.021507351769500672,
      0.2469213369951346
    ],
    [
      0.13677734822814866,
      0.050337478642164896,
      0.241554010941722,
      0.0109750841442702,
      0.5603560780436943
    ],
    [
      0.11617344501416943,
      0.1726482515104064,
      0.18928480269024828,
      0.023825284229284416,
      0.4980682165558916
    ],
    [
      0.36033090418193203,
      0.2668767477851289,
      0.1581784204354151,
      0.1957865462472732,
      0.018827381350250853
    ],
    [
      0.20925313743892587,
      0.16264689553708725,
      0.48533916835095475,
      0.09526122446174473,
      0.04749957421128743
    ],
    [
      0.23259464909033198,
      0.0004390322316207172,
      0.06385295895606728,
      0.35586934492604433,
      0.3472440147959357
    ],
    [
      0.5120317883259327,
      0.34098656920177756,
      0.04145576034488223,
      0.10002503626111449,
      0.0055008458662930875
    ],
    [
      0.4234878083024584,
      0.15269043555841316,
      0.020156446891976588,
      0.31924629704514845,
      0.08441901220200346
    ],
    [
      0.24851981418152755,
      0.3311685730931279,
      0.044520184439780175,
      0.2031932741726074,
      0.17259815411295695
    ],
    [
      0.43556012480002215,
      0.3631627964286285,
      0.09338876115048303,
      0.08613865858745022,
      0.021749659033416215
    ],
    [
      0.29653024045196197,
      0.06606036150509784,
      0.34514248829887256,
      0.03188137967106732,
      0.2603855300730003
    ],
    [
      0.48925410884635095,
      0.0035579597863264483,
      0.22523642903706897,
      0.01124646323570236,
      0.2707050390945513
    ],
    [
      0.5201076211464911,
      0.011909278881048915,
      0.021244984555965442,
      0.022668402571727257,
      0.42406971284476724
    ],
    [
      0.2792053987195884,
      0.07705423610216446,
      0.225649146967032,
      0.07112380652941747,
      0.34696741168179773
    ],
    [
      0.31184847271901156,
      0.2374950570176981,
      0.2041351450270256,
      0.22635820546896743,
      0.020163119767297445
    ],
    [
      0.46838329616193436,
      0.4910858549375013,
      0.010495365992949023,
      0.020039313193513757,
      0.009996169714101662
    ],
    [
      0.3180646486588628,
      0.05565810194273917,
      0.19967136257018606,
      0.38614019257276316,
      0.040465694255448985
    ],
    [
      0.3719849749480271,
      0.20317870360854173,
      0.12494430244828675,
      0.009948150583135914,
      0.2899438684120085
    ],
    [
      0.5515547163705802,
      0.0032608516837875703,
      0.2787132640735244,
      0.02632258126445444,
      0.14014858660765359
    ],
    [
      0.3498276898658139,
      0.4412475319894855,
      0.07616421798800802,
      0.08149419664594744,
      0.05126636351074524
    ],
    [
      0.3628395039032455,
      0.04118137989784261,
      0.20730197403529402,
      4.127520242250431e-05,
      0.38863586696119545
    ],
    [
      0.3924439897462132,
      0.009607822653590387,
      0.24357692038893855,
      0.14954980653289343,
      0.20482146067836451
    ],
    [
      0.45904921943731236,
      0.032661547938068254,
      0.2112705967493338,
      0.03647842058969336,
      0.26054021528559224
    ],
    [
      0.3445735581073332,
      0.2842498821491391,
      0.06252836796017479,
      0.3070947152016592,
      0.0015534765816936774
    ],
    [
      0.32505148283073754,
      0.02036085137135033,
      0.16067838052129724,
      0.47634063128501347,
      0.01756865399160146
    ],
    [
      0.3235833643888136,
      0.2168126367443388,
      0.001446774346447269,
      0.08142775260883182,
      0.37672947191156864
    ],
    [
      0.5453293702132301,
      0.02864453237327464,
      0.1756288329543519,
      0.18616855139990002,
      0.06422871305924317
    ],
    [
      0.5432427303989257,
      0.2560913941427215,
      0.007151652847474895,
      0.00020051321238566473,
      0.1933137093984923
    ],
    [
      0.28758346721840516,
      0.18712366109198952,
      0.2789817016806083,
      0.06328113048378957,
      0.18303003952520736
    ],
    [
      0.4048353363741883,
      0.02400577878954566,
      0.014877436819756769,
      0.1854030822024816,
      0.3708783658140278
    ],
    [
      0.475798817621578,
      0.029232597298587022,
      0.027200436704998228,
      0.3808434550736249,
      0.08692469330121173
    ],
    [
      0.1575638869315755,
      0.028167494565792112,
      0.22037152145315392,
      0.5481894880913966,
      0.04570760895808195
    ],
    [
      0.32290002567624165,
      0.2595336797599322,
      0.07393648061353522,
      0.29742757359793737,
      0.04620224035235351
    ],
    [
      0.2870948008514344,
      0.19493142833648958,
      0.00876511893371188,
      0.0012143093001150674,
      0.5079943425782492
    ],
    [
      0.4493558415694759,
      0.12508774000634698,
      0.0690939294751622,
      0.28745392408841935,
      0.06900856486059567
    ],
    [
      0.27888943062418214,
      0.2152280961430269,
      0.07319578968965233,
      0.1484813557753556,
      0.284205327767783
    ],
    [
      0.534613252460792,
      0.016592200705494407,
      0.33163399327828885,
      0.10479959892317754,
      0.012360954632247314
    ],
    [
      0.1586522898708605,
      0.36824304084619214,
      1.4827519394635304e-06,
      0.4660419106488563,
      0.007061275882151542
    ],
    [
      0.23894666641945367,
      0.21853270865665114,
      0.24525673243912924,
      0.04238613941927172,
      0.25487775306549415
    ],
    [
      0.5131832992310851,
      0.23334583159419406,
      0.03370917189435546,
      0.010613746844350947,
      0.20914795043601456
    ],
    [
      0.3353586342024493,
      0.3691284402547525,
      0.020180377537999193,
      0.1131043333047031,
      0.16222821470009602
    ],
    [
      0.5000922383738213,
      0.33479884699018136,
      0.03445608199544416,
      0.031110960982427275,
      0.09954187165812589
    ],
    [
      0.31588809248651967,
      0.17390156781216648,
      0.09566078217436548,
      0.19241826384441685,
      0.22213129368253154
    ],
    [
      0.3830710719872467,
      0.46266197306974177,
      0.07502613020376445,
      0.03737802245560357,
      0.04186280228364354
    ],
    [
      0.5621122818181684,
      0.009887722201002147,
      0.009492296535252576,
      0.06860673499290125,
      0.34990096445267577
    ],
    [
      0.4411621663590257,
      0.25345233658119387,
      0.23445752413086793,
      0.03629794312167844,
      0.03463002980723407
    ],
    [
      0.4466664977042428,
      0.046563279294566697,
      0.3627463205551598,
      0.02613161148350232,
      0.11789229096252844
    ],
    [
      0.49093533361379615,
      0.010102805570545728,
      0.06326014013576865,
      0.4046481725778963,
      0.031053548101993043
    ],
    [
      0.48870012456113776,
      0.0725939637731073,
      0.1500715987811821,
      0.25344167707052223,
      0.03519263581405068
    ],
    [
      0.49237552685882513,
      0.0467527826903529,
      0.051610323392664983,
      0.008998691100456192,
      0.4002626759577008
    ],
    [
      0.31761685647789634,
      0.023596478407587152,
      0.00882213768875931,
      0.16199483012727217,
      0.4879696972984851
    ],
    [
      0.48892979870142916,
      0.01620162910488024,
      0.010355710333297203,
      0.15641368644491957,
      0.3280991754154738
    ],
    [
      0.22715913701164878,
      0.030704531126743456,
      0.263763845926135,
      0.14817559798664107,
      0.3301968879488318
    ],
    [
      0.3012522066911924,
      0.11768556565615079,
      0.3546596530660585,
      0.0651209903440358,
      0.16128158424256245
    ],
    [
      0.47975684831168564,
      0.07361580136538187,
      0.4274599232243203,
      0.006911876540872506,
      0.012255550557739687
    ],
    [
      0.08834550253624981,
      1.6718717012313263e-05,
      0.40184506132057307,
      0.025971803824358024,
      0.4838209136018069
    ],
    [
      0.381251191783345,
      0.00836119908245317,
      0.11402164064311376,
      0.2518678467875474,
      0.24449812170354068
    ],
    [
      0.4897962197762641,
      0.4862119206395123,
      0.003630487928823105,
      0.014043791810731919,
      0.006317579844668626
    ],
    [
      0.3319300377340835,
      0.06950745560908592,
      0.004488925601541918,
      0.1984138352204221,
      0.3956597458348665
    ],
    [
      0.4706184016033214,
      0.15808641211264346,
      0.0005219192844189376,
      0.3682336721540952,
      0.002539594845521066
    ],
    [
      0.43562536385109624,
      0.02836104303171029,
      0.10737372838293835,
      0.3474726973237345,
      0.08116716741052067
    ],
    [
      0.5202752002310508,
      0.24854518294220967,
      0.15677452716064014,
      0.014517573574365644,
      0.05988751609173387
    ],
    [
      0.43005876777391794,
      0.12798484340816652,
      0.13001721236705258,
      0.3033173378063568,
      0.008621838644506226
    ],
    [
      0.2661684907516162,
      0.027542190405977125,
      0.12452036098291842,
      0.2896305604130338,
      0.2921383974464544
    ],
    [
      0.2935312963185683,
      0.0452631857586628,
      0.4051230341199476,
      0.1650325517307663,
      0.09104993207205499
    ],
    [
      0.5488722841516106,
      0.1407822091722143,
      9.999990000111712e-07,
      0.3096197245856419,
      0.0007247820915330452
    ],
    [
      0.20822858936383837,
      0.2926432544476949,
      0.07793124807128876,
      0.2680987876254799,
      0.15309812049169808
    ],
    [
      0.3889587912335798,
      0.30070467114676874,
      1.4712727036938988e-05,
      0.2578975491954954,
      0.05242427569711913
    ],
    [
      0.46956992159058014,
      0.018074644408225548,
      0.0675292092372237,
      0.35174599247434196,
      0.09308023228962871
    ],
    [
      0.5100898305846874,
      0.0013885075191384572,
      0.45406570984883005,
      0.00018495911823068983,
      0.03427099292911351
    ],
    [
      0.5136629013226238,
      9.383426976696842e-06,
      0.10709357737204678,
      0.20216589508298463,
      0.1770682427953681
    ],
    [
      0.09667131568978501,
      0.421669106444831,
      0.14229925987885247,
      0.2576846808331314,
      0.08167563715340025
    ],
    [
      0.44966705887124414,
      0.12082910576621356,
      0.04118411072697021,
      0.20239179407392333,
      0.18592793056164883
    ],
    [
      0.18532529359888472,
      0.004400850134387285,
      0.42085651129661855,
      0.3880655175741509,
      0.0013518273959585673
    ],
    [
      0.15739863358615433,
      0.04811943063383566,
      0.15333347649145634,
      0.26414957917812437,
      0.37699888011042937
    ],
    [
      0.2994802005483228,
      0.00030151301229873554,
      0.20747882633290696,
      0.4354232107970842,
      0.0573162493093873
    ],
    [
      0.43135788895446214,
      0.12616982018089662,
      0.0006486753975046987,
      0.44133943764863076,
      0.00048417781850589335
    ],
    [
      0.5153164850309112,
      0.045311681042346424,
      0.20167283086613366,
      0.07923369410741084,
      0.15846530895319794
    ],
    [
      0.5350592336260487,
      0.03390785830488927,
      0.030080382048185687,
      0.3690543850977716,
      0.03189814092310481
    ],
    [
      0.47085109667925784,
      0.3649624476801603,
      0.00035351812095026433,
      0.12167130071940872,
      0.04216163680022293
    ],
    [
      0.4727091998121125,
      0.012832590273055677,
      0.07781262123994341,
      0.2642976677887573,
      0.1723479208861311
    ],
    [
      0.5273975062552111,
      0.25791053686693055,
      0.00011849537067486549,
      0.06062521347381865,
      0.1539482480333648
    ],
    [
      0.23976071066532312,
      0.14370344439658772,
      0.14544910505313802,
      0.022858131127577126,
      0.44822860875737397
    ],
    [
      0.38225345609309747,
      0.10879157763530636,
      0.19037050931877514,
      0.2724646436885973,
      0.04611981326422376
    ],
    [
      0.3890859911300332,
      0.006381322359315638,
      0.15667823725826588,
      0.1518236225877555,
      0.2960308266646298
    ],
    [
      0.5128651045947938,
      0.0252748296408333,
      0.34361781002415426,
      0.039891051352849975,
      0.07835120438736873
    ],
    [
      0.5048519571321324,
      0.0025014040527337497,
      0.16805227371541093,
      0.2539426267798904,
      0.07065173831983262
    ],
    [
      0.4809515154934547,
      0.05110025435378206,
      0.1073499776568233,
      0.29691364501084844,
      0.06368460748509142
    ],
    [
      0.4102866278744515,
      0.42642083833941563,
      0.05942726180184349,
      0.001279969188571921,
      0.10258530279571743
    ],
    [
      0.305254185060588,
      0.23250104997186863,
      0.1878739538558397,
      0.10927452618117744,
      0.1650962849305262
    ],
    [
      0.5995707954063361,
      0.1337261790172348,
      0.20701475545411444,
      0.008161621893541986,
      0.05152664822877279
    ],
    [
      0.23364434494127745,
      0.4651423531992535,
      0.18168738814783367,
      2.614887359183303e-05,
      0.11949976483804362
    ],
    [
      0.2918291131635426,
      0.3778759829977754,
      0.14364855085021835,
      0.12743785086625084,
      0.05920850212221287
    ],
    [
      0.4940914072041799,
      0.028599050796810493,
      0.24139071041468352,
      0.03731086566009447,
      0.1986079659242318
    ],
    [
      0.39953085304954256,
      0.2179974418982963,
      0.07072274080110061,
      0.2989646564036467,
      0.012784307847413778
    ],
    [
      0.32960638209944915,
      0.050148156755990984,
      0.21943633652855696,
      0.34382705426243754,
      0.056982070353565346
    ],
    [
      0.4449843587411616,
      0.0192831724024356,
      0.35811165515402293,
      0.1252833339507129,
      0.052337479751666936
    ],
    [
      0.6055382808944737,
      0.01668390144776844,
      0.3095575433055459,
      0.023165071804252077,
      0.04505520254795993
    ],
    [
      0.32472168441528476,
      0.31551989283214216,
      0.16373315024005378,
      0.02297982113616032,
      0.17304545137635904
    ],
    [
      0.086105017269164,
      0.03089710497302888,
      0.15809424154927626,
      0.2994401198059527,
      0.42546351640257823
    ],
    [
      0.5157491999670883,
      0.13901838694042948,
      0.06400019518536686,
      0.039623112698706525,
      0.24160910520840884
    ],
    [
      0.39813198332864924,
      0.08509066513079065,
      0.32836037243196803,
