{
  "sample_file": "F03_RD14-0003-49_50_29-1;4;1-M3S30-0.09IP-Q2.9_002.5sec.fsa",
  "predicted_noc": 3,
  "noc_confidence": 1.0,
  "posterior_summary": {
    "Mx_1": {
      "mean": 0.48203009558643306,
      "std": 0.3253995439177576,
      "median": 0.4750538973608353,
      "mode": 0.09045298994920223,
      "credible_interval_95": [
        0.0012558038353635884,
        0.995696227120031
      ],
      "credible_interval_90": [
        0.01058013918034296,
        0.9819806572000156
      ],
      "hpdi_95": [
        9.999990013867824e-07,
        0.9824872710137874
      ],
      "min": 9.999990013867824e-07,
      "max": 0.9999980000039995
    },
    "Mx_2": {
      "mean": 0.2501844525962561,
      "std": 0.2803902547290152,
      "median": 0.13703617813971097,
      "mode": 0.03009245274341815,
      "credible_interval_95": [
        9.999990045972126e-07,
        0.9217760728262696
      ],
      "credible_interval_90": [
        1.025152533740287e-06,
        0.826751438751432
      ],
      "hpdi_95": [
        9.99998000265246e-07,
        0.8317239793806047
      ],
      "min": 9.99998000265246e-07,
      "max": 0.998034182721027
    },
    "Mx_3": {
      "mean": 0.2677854518173108,
      "std": 0.28705534441671815,
      "median": 0.15557465129976628,
      "mode": 0.030149536827736398,
      "credible_interval_95": [
        9.999990028491905e-07,
        0.918432949959154
      ],
      "credible_interval_90": [
        9.999996266230614e-07,
        0.8466708831789552
      ],
      "hpdi_95": [
        9.99998000265246e-07,
        0.8467155649902992
      ],
      "min": 9.99998000265246e-07,
      "max": 0.9999274715175821
    },
    "model_quality": {
      "acceptance_rate": 1.0,
      "n_effective_samples": 1200,
      "converged": false,
      "final_step_size": 0.05
    },
    "contributor_ranking": [
      [
        1,
        0.48203009558643306
      ],
      [
        3,
        0.2677854518173108
      ],
      [
        2,
        0.2501844525962561
      ]
    ]
  },
  "convergence_diagnostics": {
    "effective_sample_size": [
      1054.1987985581707,
      924.1037098330995,
      1200.0
    ],
    "min_ess": 924.1037098330995,
    "geweke_scores": [
      0.008778561872521275,
      0.012664846051610775,
      0.023020123343324764
    ],
    "max_geweke": 0.023020123343324764,
    "convergence_status": "Good",
    "convergence_issues": [],
    "true_value_bias": {
      "max_bias": 0.4164822140704102,
      "mean_bias": 0.27765480938027365,
      "bias_per_component": [
        0.31536342891976665,
        0.4164822140704102,
        0.10111878515064412
      ],
      "acceptable": false
    }
  },
  "computation_time": 9.651432752609253,
  "timestamp": "2025-06-10 09:39:30",
  "true_contributor_ids": [
    "49",
    "50",
    "29"
  ],
  "true_mixture_ratios": [
    0.16666666666666666,
    0.6666666666666666,
    0.16666666666666666
  ],
  "sample_mixture_ratios": [
    [
      0.2797443437995312,
      0.07482623227193556,
      0.6454294239285332
    ],
    [
      0.9176165551915736,
      0.07259046294483543,
      0.009792981863590967
    ],
    [
      0.7358379483425238,
      0.26032079832266997,
      0.0038412533348063317
    ],
    [
      0.8118747293167977,
      0.17332171621074405,
      0.014803554472458302
    ],
    [
      0.031815083909314576,
      0.4531436101104851,
      0.5150413059802003
    ],
    [
      0.4433773050176517,
      0.4699941467985273,
      0.08662854818382089
    ],
    [
      0.8373113610123931,
      0.006185785263507409,
      0.1565028537240994
    ],
    [
      0.680794518021077,
      0.01486137970633532,
      0.30434410227258774
    ],
    [
      0.04873923891495165,
      0.436675826799671,
      0.5145849342853773
    ],
    [
      0.0012590032492142468,
      0.3011966788608444,
      0.6975443178899414
    ],
    [
      0.46163258560814124,
      0.03419530313524702,
      0.5041721112566117
    ],
    [
      0.08667036522039016,
      0.1629014825965312,
      0.7504281521830787
    ],
    [
      0.8006238676066466,
      9.999990000010456e-07,
      0.19937513239435342
    ],
    [
      0.2528386756281608,
      0.5290384470619551,
      0.21812287730988397
    ],
    [
      0.017580638512654952,
      0.32396880761781244,
      0.6584505538695327
    ],
    [
      0.2675421060491029,
      0.0009713165929378884,
      0.7314865773579593
    ],
    [
      0.01748229465853352,
      0.9454769199888552,
      0.03704078535261124
    ],
    [
      0.0024247119139084775,
      0.9407637144747254,
      0.05681157361136604
    ],
    [
      0.8096731625233398,
      0.19032583747762852,
      9.999990318959844e-07
    ],
    [
      0.1404007995456332,
      0.775405500121182,
      0.08419370033318471
    ],
    [
      0.10801800320884677,
      0.8729220804588019,
      0.019059916332351243
    ],
    [
      0.7346584185861597,
      0.2652238619070933,
      0.00011771950674715105
    ],
    [
      0.856489038268127,
      0.006033488665272049,
      0.1374774730666009
    ],
    [
      0.03991945686470663,
      0.9217357303119436,
      0.0383448128233498
    ],
    [
      0.7032984639776854,
      0.00814999387261839,
      0.2885515421496962
    ],
    [
      0.22982566675675029,
      0.6933549434819711,
      0.07681938976127865
    ],
    [
      0.3514953412046706,
      0.12153437835750174,
      0.5269702804378278
    ],
    [
      0.43173863987518335,
      0.45875101820954456,
      0.10951034191527208
    ],
    [
      0.07534526402704377,
      0.8209649422608435,
      0.10368979371211273
    ],
    [
      0.8626729948355625,
      0.1373243871133175,
      2.618051120065991e-06
    ],
    [
      0.9857362760857816,
      0.014242997164787578,
      2.0726749430820672e-05
    ],
    [
      0.8732283317212567,
      0.00016804030966191102,
      0.12660362796908142
    ],
    [
      0.2628620543689877,
      0.6398242751366775,
      0.09731367049433481
    ],
    [
      0.6814891863129264,
      0.27222300879369676,
      0.046287804893376874
    ],
    [
      0.7589961240712163,
      0.20777665053125552,
      0.033227225397528225
    ],
    [
      0.7246581666622355,
      0.2753408333387644,
      9.999990000268257e-07
    ],
    [
      0.08357830201974774,
      0.01686322119685003,
      0.8995584767834023
    ],
    [
      0.3816975593365239,
      0.5991335584325315,
      0.019168882230944557
    ],
    [
      0.07580911722300311,
      0.34311671565826085,
      0.581074167118736
    ],
    [
      1.9005746975959318e-06,
      0.2543414176392731,
      0.7456566817860294
    ],
    [
      0.19539288752978848,
      0.30716126189936654,
      0.49744585057084506
    ],
    [
      0.87100681444833,
      0.004272325147528766,
      0.12472086040414136
    ],
    [
      0.5313356748522959,
      0.09744011321769723,
      0.37122421193000693
    ],
    [
      0.24130950835554532,
      0.7533794869026406,
      0.005311004741814086
    ],
    [
      0.7104495046076165,
      0.28313890468719505,
      0.006411590705188504
    ],
    [
      0.5221150931317388,
      0.25136457848400384,
      0.22652032838425734
    ],
    [
      0.16428552963146975,
      0.22283915772163748,
      0.6128753126468928
    ],
    [
      0.6696062786519518,
      0.020156897377548187,
      0.3102368239705
    ],
    [
      0.5273355485191731,
      0.2365588636363876,
      0.23610558784443933
    ],
    [
      0.35297733435815865,
      0.4424929113167704,
      0.20452975432507106
    ],
    [
      0.7906506805577702,
      0.010209217132164888,
      0.19914010231006474
    ],
    [
      0.6406914487335222,
      0.0838551748237755,
      0.27545337644270224
    ],
    [
      0.9096326302472292,
      9.999997605144289e-07,
      0.09036636975301035
    ],
    [
      0.5567169747308094,
      0.1382953560614746,
      0.30498766920771603
    ],
    [
      0.19414085044629198,
      0.139395193899027,
      0.6664639556546811
    ],
    [
      0.3487751311896984,
      0.3162369094046242,
      0.33498795940567744
    ],
    [
      0.8821783534500556,
      0.11742048177963038,
      0.00040116477031410685
    ],
    [
      0.6622322347114781,
      0.0014716686658638883,
      0.336296096622658
    ],
    [
      0.9819539933150803,
      4.9792925104600916e-05,
      0.017996213759815066
    ],
    [
      0.2226631805776078,
      0.0048575197907563305,
      0.7724792996316359
    ],
    [
      0.3397069477580162,
      0.20386399065301455,
      0.4564290615889692
    ],
    [
      0.3521381589072762,
      2.929363272285741e-05,
      0.647832547460001
    ],
    [
      0.1312534171484032,
      0.0017484799427050898,
      0.8669981029088918
    ],
    [
      0.05023591920539121,
      0.3169647269884103,
      0.6327993538061985
    ],
    [
      0.9705486759497589,
      0.020489827260802573,
      0.008961496789438425
    ],
    [
      0.46857235091566424,
      0.3391875851979429,
      0.19224006388639292
    ],
    [
      0.02300236985230824,
      0.30695220889434616,
      0.6700454212533457
    ],
    [
      0.979106617191675,
      0.015565339044457826,
      0.005328043763867237
    ],
    [
      0.01620564585923258,
      0.9797572983288421,
      0.00403705581192537
    ],
    [
      0.5860484340686521,
      0.1713806126215802,
      0.24257095330976763
    ],
    [
      0.00027098491588637466,
      0.9854455767971493,
      0.014283438286964382
    ],
    [
      0.006078986998601564,
      0.502740628986647,
      0.49118038401475145
    ],
    [
      0.46638999524848734,
      0.05379732626201353,
      0.4798126784894991
    ],
    [
      1.1495064730907743e-05,
      0.9891623170353684,
      0.010826187899900776
    ],
    [
      0.842794905686997,
      0.14331675084529946,
      0.013888343467703615
    ],
    [
      0.9627572309558107,
      0.03408206301909894,
      0.00316070602509045
    ],
    [
      0.05907493021895322,
      0.02365282674749082,
      0.9172722430335559
    ],
    [
      0.9335950226161338,
      0.062001235843915564,
      0.004403741539950563
    ],
    [
      0.21727154220599124,
      0.41676359610028163,
      0.3659648616937272
    ],
    [
      0.6461362731431258,
      0.2004836719993931,
      0.15338005485748102
    ],
    [
      0.6097802430694146,
      0.16569940627283566,
      0.22452035065774978
    ],
    [
      0.006534071799783373,
      0.019325353275455637,
      0.974140574924761
    ],
    [
      0.5741858846863035,
      0.14951910003874203,
      0.2762950152749545
    ],
    [
      0.5595708931026355,
      0.01582594613822621,
      0.42460316075913823
    ],
    [
      0.31652696966934846,
      0.6817669846051446,
      0.0017060457255069442
    ],
    [
      0.3301279637571463,
      0.18990887619857244,
      0.47996316004428125
    ],
    [
      0.8761473615669166,
      0.12385163843408323,
      9.999990000747663e-07
    ],
    [
      0.5543014997657263,
      0.3192692834055245,
      0.12642921682874922
    ],
    [
      0.5849993065191534,
      0.41178529012599413,
      0.0032154033548523423
    ],
    [
      0.42864578535430403,
      0.5396413480565568,
      0.031712866589139216
    ],
    [
      0.0019080943919317732,
      0.6689775340295491,
      0.32911437157851925
    ],
    [
      0.4733141267079899,
      0.15599356510275253,
      0.37069230818925764
    ],
    [
      0.4167249815528936,
      0.5302810461271369,
      0.05299397231996966
    ],
    [
      0.02412183019578877,
      0.6703329215649169,
      0.3055452482392945
    ],
    [
      0.08596059275304425,
      0.03333513529741469,
      0.880704271949541
    ],
    [
      0.09913740492364231,
      0.6320405588128024,
      0.2688220362635553
    ],
    [
      0.9996174561642169,
      0.00038154383678294765,
      9.999990000016195e-07
    ],
    [
      0.8314926692286363,
      0.16850625900516872,
      1.0717661948597071e-06
    ],
    [
      0.9963515799613193,
      0.0036461762216375305,
      2.243817043057447e-06
    ],
    [
      7.152848341795482e-05,
      9.999990000013279e-07,
      0.9999274715175821
    ],
    [
      0.16986161064329597,
      0.8049626933857323,
      0.02517569597097171
    ],
    [
      0.42741204983886,
      0.5725869501621226,
      9.999990175273728e-07
    ],
    [
      0.9336861260548892,
      0.04887846201660678,
      0.017435411928504087
    ],
    [
      0.8782464334060861,
      9.999990088585706e-07,
      0.12175256659490498
    ],
    [
      0.5354347518533201,
      0.4600977104249026,
      0.004467537721777277
    ],
    [
      0.7165102168162724,
      0.003232463998564435,
      0.28025731918516317
    ],
    [
      0.24599508155102234,
      0.5034785795375324,
      0.2505263389114452
    ],
    [
      0.010596155620399565,
      0.989402844380011,
      9.999995894070203e-07
    ],
    [
      0.0181473517468269,
      9.999990046727076e-07,
      0.9818516482541684
    ],
    [
      0.9847386731949525,
      0.0014917602975378613,
      0.013769566507509717
    ],
    [
      0.9595073739570688,
      0.00969188858283485,
      0.030800737460096383
    ],
    [
      0.07340551050532745,
      0.06487379977352513,
      0.8617206897211473
    ],
    [
      0.49295329742229954,
      0.08975959756640652,
      0.41728710501129407
    ],
    [
      0.09665001401260442,
      0.7933189616974906,
      0.11003102428990494
    ],
    [
      0.4586769174494937,
      0.20229779968156233,
      0.33902528286894396
    ],
    [
      0.22406948501530574,
      0.5682248955038028,
      0.20770561948089142
    ],
    [
      0.4229958686282039,
      0.44159595473106406,
      0.13540817664073213
    ],
    [
      0.06302797568684625,
      0.9330903081738674,
      0.0038817161392863406
    ],
    [
      0.6463509628794926,
      0.33354044731153887,
      0.02010858980896854
    ],
    [
      0.9024127323508733,
      9.999990124796713e-07,
      0.09758626765011436
    ],
    [
      0.021145785094553466,
      0.8924167108463081,
      0.08643750405913837
    ],
    [
      0.8385852696436958,
      0.10339380646255979,
      0.0580209238937444
    ],
    [
      0.1827067611801549,
      0.5169684875173103,
      0.3003247513025348
    ],
    [
      0.7242790832407856,
      0.000865244062336138,
      0.2748556726968782
    ],
    [
      0.12771770628352064,
      0.11165882557747775,
      0.7606234681390016
    ],
    [
      0.9688511148326762,
      0.030974682022356592,
      0.00017420314496709003
    ],
    [
      0.984788529943952,
      0.0008008228844061224,
      0.014410647171641885
    ],
    [
      0.034690591208480955,
      0.00593186314182122,
      0.9593775456496978
    ],
    [
      0.5193100123308709,
      0.39628616746377565,
      0.08440382020535346
    ],
    [
      0.9710986529682126,
      0.018876452299120723,
      0.010024894732666711
    ],
    [
      0.5476085018146618,
      2.0183351863828904e-06,
      0.4523894798501517
    ],
    [
      0.2816727892559094,
      0.1424283872472335,
      0.5758988234968571
    ],
    [
      0.23434105869724545,
      0.01051073225021061,
      0.755148209052544
    ],
    [
      0.2855417952615339,
      0.6044175326122659,
      0.11004067212620033
    ],
    [
      0.7024271866683668,
      0.14201031636775474,
      0.15556249696387842
    ],
    [
      0.07712259493590773,
      0.29865254674599884,
      0.6242248583180934
    ],
    [
      0.46902796992095425,
      0.51856484064235,
      0.012407189436695705
    ],
    [
      0.07503507742642673,
      0.8317239793806047,
      0.0932409431929684
    ],
    [
      0.9999979735246279,
      1.0264763639100689e-06,
      9.999990081252043e-07
    ],
    [
      0.4895913257389966,
      0.14315427977536635,
      0.367254394485637
    ],
    [
      0.5995729753950261,
      0.09011258546138493,
      0.310314439143589
    ],
    [
      0.24007616709337787,
      0.4233801909599174,
      0.3365436419467048
    ],
    [
      0.7206233046826291,
      0.27441613742869553,
      0.004960557888675443
    ],
    [
      0.24330432104286842,
      0.03899101560706337,
      0.7177046633500682
    ],
    [
      0.34800318482406994,
      0.2451512792905022,
      0.4068455358854278
    ],
    [
      0.840081996165341,
      0.15973279034454754,
      0.00018521349011145814
    ],
    [
      0.0019400963834493147,
      0.14844188131951744,
      0.8496180222970332
    ],
    [
      0.7625132740584033,
      0.14657520656994236,
      0.09091151937165425
    ],
    [
      0.9977843873468003,
      0.00040014410312606136,
      0.0018154685500736314
    ],
    [
      0.8097668713881307,
      0.19022969667210804,
      3.4319397613151694e-06
    ],
    [
      2.455197770644169e-06,
      0.5200158791434483,
      0.4799816656587811
    ],
    [
      0.7442512031476075,
      0.1853062777058879,
      0.07044251914650455
    ],
    [
      0.3986273288079961,
      0.16849651102869115,
      0.43287616016331276
    ],
    [
      0.7142942251191757,
      0.03923946724579313,
      0.24646630763503127
    ],
    [
      0.07627337233567767,
      0.0006925495270398616,
      0.9230340781372824
    ],
    [
      0.4775506866912037,
      0.5224483133093839,
      9.99999412566423e-07
    ],
    [
      0.23838886224701905,
      0.0007782833402266464,
      0.7608328544127543
    ],
    [
      0.8053954161600821,
      0.19460358384091778,
      9.999990000010007e-07
    ],
    [
      0.27676657398623117,
      0.5339622553670148,
      0.18927117064675417
    ],
    [
      0.28164109957532785,
      0.2723109577082495,
      0.4460479427164226
    ],
    [
      0.4449337915157545,
      0.5545984748653311,
      0.00046773361891430166
    ],
    [
      0.7461619323404193,
      0.19074929631152274,
      0.06308877134805803
    ],
    [
      0.9998255213967826,
      1.633273706809439e-06,
      0.0001728453295106155
    ],
    [
      0.3314722474149756,
      0.668526752586024,
      9.999990004146158e-07
    ],
    [
      0.5185168221015554,
      0.029686241428429162,
      0.45179693647001545
    ],
    [
      0.11911323608755632,
      9.999990000010289e-07,
      0.8808857639134436
    ],
    [
      0.6606072008785856,
      0.005673827023920132,
      0.3337189720974943
    ],
    [
      0.894213500572819,
      0.00010462862143132841,
      0.10568187080574971
    ],
    [
      0.071231869671368,
      0.8753714524841087,
      0.05339667784452336
    ],
    [
      0.43235156435789585,
      0.0002258043908890138,
      0.5674226312512151
    ],
    [
      0.584546284632044,
      0.415439360671787,
      1.4354696168976306e-05
    ],
    [
      0.03903048602074198,
      0.36235599267745705,
      0.598613521301801
    ],
    [
      0.9567021194773654,
      0.007007052761791314,
      0.03629082776084336
    ],
    [
      0.060794095685510634,
      0.5201625202308091,
      0.41904338408368025
    ],
    [
      0.6276523618859092,
      0.366890653703538,
      0.005456984410552677
    ],
    [
      0.9154658390575953,
      2.153004886164541e-05,
      0.08451263089354304
    ],
    [
      0.9995763499610049,
      0.0004226500399949867,
      9.999990001176625e-07
    ],
    [
      0.9732121836317129,
      0.026402908273284918,
      0.0003849080950020891
    ],
    [
      0.4509195938938287,
      0.17710174128456085,
      0.37197866482161057
    ],
    [
      0.8613212833050391,
      0.08813164296247486,
      0.050547073732485986
    ],
    [
      0.9960837174283738,
      0.002463248110501159,
      0.0014530344611251018
    ],
    [
      0.0512941619018346,
      0.8931684155421745,
      0.055537422555990895
    ],
    [
      0.5802878000642259,
      0.4017699976407589,
      0.017942202295015322
    ],
    [
      0.40360802122861117,
      0.2480988280498543,
      0.3482931507215346
    ],
    [
      0.0011310266951879036,
      0.800771886513539,
      0.19809708679127314
    ],
    [
      0.2881951613725113,
      0.012498664028667408,
      0.6993061745988213
    ],
    [
      0.912470181541735,
      0.08729658456727078,
      0.00023323389099432122
    ],
    [
      0.7701266433397904,
      0.002029707297352469,
      0.22784364936285711
    ],
    [
      0.8924768425397287,
      0.03499055803272625,
      0.0725325994275451
    ],
    [
      0.023448058629505643,
      0.957657784790514,
      0.01889415657998044
    ],
    [
      0.9240754748293485,
      0.04000494266198982,
      0.03591958250866172
    ],
    [
      0.8384019709240178,
      9.999990016529076e-07,
      0.16159702907698045
    ],
    [
      0.8834994924892109,
      0.007239693120722603,
      0.10926081439006652
    ],
    [
      0.7222073802224155,
      0.277654189433452,
      0.0001384303441326588
    ],
    [
      0.5230968940714612,
      0.006283526225937948,
      0.47061957970260077
    ],
    [
      0.020542053569362062,
      0.3357991474925024,
      0.6436587989381355
    ],
    [
      0.07041544118564919,
      0.2486183467216119,
      0.6809662120927389
    ],
    [
      0.09851478849988235,
      0.06840748611170148,
      0.8330777253884162
    ],
    [
      0.5183986157895278,
      0.009324205517661532,
      0.47227717869281066
    ],
    [
      0.9555036325787545,
      0.01945682389875995,
      0.02503954352248563
    ],
    [
      0.9354011770293609,
      0.002026509723824194,
      0.06257231324681496
    ],
    [
      0.935209555563431,
      0.05087416312858691,
      0.013916281307982113
    ],
    [
      0.4887530586170678,
      0.4791936824228003,
      0.032053258960131954
    ],
    [
      0.46244789760641963,
      0.10589114653968207,
      0.4316609558538983
    ],
    [
      0.6664103907501371,
      0.12358710887147545,
      0.21000250037838744
    ],
    [
      0.9016266703429509,
      0.09836634745680224,
      6.982200246842753e-06
    ],
    [
      0.7431348749385762,
      0.24616984866112845,
      0.010695276400295313
    ],
    [
      0.2875302650744289,
      2.931077432817929e-06,
      0.7124668038481383
    ],
    [
      0.34507851971859205,
      0.6395088263831977,
      0.015412653898210142
    ],
    [
      0.1410360852523957,
      0.04171939000149174,
      0.8172445247461125
    ],
    [
      0.634242055878087,
      0.3295636745938006,
      0.036194269528112395
    ],
    [
      0.16404318070661306,
      0.2434207063789675,
      0.5925361129144194
    ],
    [
      0.9973216476358816,
      0.0005377315164828973,
      0.0021406208476355097
    ],
    [
      0.37026627037197146,
      0.44651318316222105,
      0.18322054646580754
    ],
    [
      0.1532090293711041,
      7.540563859664436e-05,
      0.8467155649902992
    ],
    [
      0.17698102970383509,
      0.8176335718897304,
      0.005385398406434487
    ],
    [
      0.44721173116536644,
      0.1915546275605992,
      0.36123364127403434
    ],
    [
      0.6701696670742615,
      0.31503460484596285,
      0.014795728079775673
    ],
    [
      0.32549863257514466,
      0.22380546005659818,
      0.4506959073682571
    ],
    [
      0.6884929156608882,
      1.2765444173962167e-05,
      0.3114943188949378
    ],
    [
      0.4652497597646508,
      0.02008817290771998,
      0.5146620673276292
    ],
    [
      0.6868818056955959,
      0.27143770566362135,
      0.04168048864078286
    ],
    [
      0.6576659736288305,
      9.999993680497903e-07,
      0.3423330263718015
    ],
    [
      0.6935465090807377,
      0.27352458697772314,
      0.03292890394153923
    ],
    [
      0.7618793164928319,
      0.2377174866405081,
      0.00040319686666006075
    ],
    [
      0.41650337412638494,
      0.3852790866252983,
      0.19821753924831675
    ],
    [
      0.6032835992161624,
      0.00215753889946021,
      0.39455886188437733
    ],
    [
      0.8426220845766637,
      0.15408783967361175,
      0.0032900757497244474
    ],
    [
      0.8517046437961988,
      0.14829435620475148,
      9.999990498789983e-07
    ],
    [
      0.8313451628856746,
      0.03169601977287161,
      0.1369588173414538
    ],
    [
      0.325148183302739,
      0.6744136428750717,
      0.0004381738221893268
    ],
    [
      0.012606626540989445,
      0.6448754399857903,
      0.34251793347322024
    ],
    [
      0.1588483054981605,
      0.0008878779552913456,
      0.8402638165465481
    ],
    [
      0.26410640819227066,
      0.045517263478005235,
      0.6903763283297242
    ],
    [
      0.025321070973058857,
      0.040121053778435355,
      0.9345578752485059
    ],
    [
      0.07064564655939133,
      0.6212191808030044,
      0.30813517263760437
    ],
    [
      0.5085322738041355,
      0.002522409793932033,
      0.48894531640193245
    ],
    [
      0.7266963968018606,
      0.0021618582884475345,
      0.2711417449096919
    ],
    [
      0.741381398145368,
      9.999990000030562e-07,
      0.25861760185563204
    ],
    [
      0.6108871718748621,
      0.1304458388715574,
      0.2586669892535805
    ],
    [
      0.12632992290860476,
      0.7200029840476,
      0.15366709304379525
    ],
    [
      0.11195770889563,
      0.07578928615533587,
      0.8122530049490341
    ],
    [
      0.7324073456094663,
      0.26464808637822784,
      0.0029445680123059577
    ],
    [
      0.9928502605897787,
      0.0015030298487547138,
      0.005646709561466592
    ],
    [
      0.19914508559751898,
      0.5355831192410485,
      0.2652717951614325
    ],
    [
      0.6320437750143711,
      0.1966137343841204,
      0.1713424906015085
    ],
    [
      0.26296004164181774,
      0.5715596156409598,
      0.16548034271722242
    ],
    [
      0.09814934914392756,
      0.9018496508570725,
      9.999990000009998e-07
    ],
    [
      0.9687916772063494,
      0.009233507753650423,
      0.021974815040000227
    ],
    [
      0.07148976695414615,
      0.3662102665500707,
      0.5622999664957831
    ],
    [
      0.0018982979942344653,
      0.34843092753563143,
      0.6496707744701342
    ],
    [
      0.32949656889938383,
      0.012488728456788414,
      0.6580147026438278
    ],
    [
      0.6576836457487992,
      0.018234111883510182,
      0.3240822423676906
    ],
    [
      0.8069294832679409,
      0.18311261226736708,
      0.009957904464691985
    ],
    [
      0.9570297375207435,
      0.033993573101546645,
      0.008976689377709911
    ],
    [
      0.5779113274174285,
      0.40420459127152814,
      0.017884081311043513
    ],
    [
      0.27038808769633493,
      0.2084795098406224,
      0.5211324024630427
    ],
    [
      0.9903108563207124,
      0.006913101275208682,
      0.0027760424040790066
    ],
    [
      0.989517247404095,
      0.0007604053241801284,
      0.009722347271724989
    ],
    [
      0.0389606087248411,
      0.3174841611826001,
      0.6435552300925589
    ],
    [
      0.8706555853846937,
      0.10926572926199545,
      0.020078685353310966
    ],
    [
      0.8900129797690316,
      0.016815715157109896,
      0.09317130507385858
    ],
    [
      0.34860022638724586,
      0.6466086543013507,
      0.0047911193114033145
    ],
    [
      0.8289791059547782,
      0.011146350659263017,
      0.15987454338595875
    ],
    [
      0.9630940086937848,
      0.03653160238697883,
      0.00037438891923639763
    ],
    [
      0.12487501375335085,
      0.4933301867617352,
      0.38179479948491385
    ],
    [
      0.26294233602684963,
      0.0007722530459635484,
      0.7362854109271869
    ],
    [
      0.9867257658749902,
      0.00234204886002784,
      0.010932185264981974
    ],
    [
      0.2636455692510133,
      0.5728653042565343,
      0.16348912649245245
    ],
    [
      0.29125333229511075,
      0.19884249670468934,
      0.5099041710002
    ],
    [
      0.7433480968649039,
      0.1681403221844016,
      0.08851158095069452
    ],
    [
      0.20445355572238857,
      0.028081887265863047,
      0.7674645570117484
    ],
    [
      0.3021586009912342,
      1.5154376245002336e-06,
      0.6978398835711414
    ],
    [
      0.15941917767981106,
      0.3229707880200338,
      0.5176100343001552
    ],
    [
      0.9748007916824746,
      0.006803407130565318,
      0.018395801186960166
    ],
    [
      0.44771643113874826,
      0.01629341686941177,
      0.53599015199184
    ],
    [
      0.9965159633201875,
      0.003483036680812431,
      9.999990000029184e-07
    ],
    [
      0.819691070648007,
      0.0004998616865342118,
      0.17980906766545882
    ],
    [
      0.8348102878670621,
      0.1050580161569801,
      0.060131695975957605
    ],
    [
      0.6892425042833352,
      0.10763201160564435,
      0.20312548411102035
    ],
    [
      0.26318718568839816,
      0.7094515863951792,
      0.02736122791642272
    ],
    [
      0.22387919647666846,
      0.2604127412985951,
      0.5157080622247365
    ],
    [
      0.501049321821409,
      0.03201683229633126,
      0.4669338458822598
    ],
    [
      0.6665756295104072,
      0.11406019676285079,
      0.219364173726742
    ],
    [
      0.905910875135509,
      0.09307977230765738,
      0.0010093525568335515
    ],
    [
      0.4091784892900838,
      0.5623250455965991,
      0.028496465113317132
    ],
    [
      0.8592727401962758,
      0.14057141888713479,
      0.00015584091658949283
    ],
    [
      0.6532460527456913,
      0.08366136643548212,
      0.2630925808188266
    ],
    [
      0.10409832734456562,
      0.22421637002924247,
      0.671685302626192
    ],
    [
      0.09279510802589132,
      9.999990375707284e-07,
      0.907203891975071
    ],
    [
      0.46115167391292644,
      0.1023381267788381,
      0.4365101993082356
    ],
    [
      0.786806047788203,
      0.1498902218067843,
      0.06330373040501283
    ],
    [
      0.8369410521237556,
      0.043736524419564514,
      0.11932242345667991
    ],
    [
      0.20134496312240766,
      2.085207790029043e-05,
      0.7986341847996921
    ],
    [
      0.40857346356316454,
      0.06432856737192899,
      0.5270979690649065
    ],
    [
      0.22228788131814506,
      0.014155355807944163,
      0.7635567628739108
    ],
    [
      0.9246107521326361,
      0.07459801946255748,
      0.0007912284048063284
    ],
    [
      0.44674852595481795,
      0.5531947877888842,
      5.6686256297998455e-05
    ],
    [
      0.7024502752278583,
      0.07369845551257223,
      0.22385126925956947
    ],
    [
      0.34243675690846664,
      0.0013055413689808419,
      0.6562577017225526
    ],
    [
      0.24861447857969404,
      9.388625866308907e-06,
      0.7513761327944397
    ],
    [
      0.7149515687304894,
      3.695017751323334e-06,
      0.28504473625175936
    ],
    [
      0.19022975592548894,
      0.4109834664606137,
      0.39878677761389736
    ],
    [
      0.734425723680446,
      0.1678988043794094,
      0.09767547194014467
    ],
    [
      0.554676900789948,
      0.19827695062017853,
      0.2470461485898735
    ],
    [
      0.02334475348503602,
      0.6845871991949839,
      0.29206804731998015
    ],
    [
      0.10124094235736349,
      0.3199368642374465,
      0.5788221934051901
    ],
    [
      0.19272583120479655,
      0.6751063741863373,
      0.13216779460886618
    ],
    [
      0.04709413306576972,
      0.8339103740542406,
      0.11899549287998973
    ],
    [
      0.3177872384944589,
      0.4164757679850384,
      0.2657369935205028
    ],
    [
      0.07680632888694382,
      0.8264897260867389,
      0.0967039450263174
    ],
    [
      0.7916213036981954,
      0.20837769630258657,
      9.99999218130354e-07
    ],
    [
      0.03133240395249871,
      9.99999015372627e-07,
      0.9686665960484858
    ],
    [
      0.13690012261964493,
      0.17306363897188212,
      0.690036238408473
    ],
    [
      0.594148606435517,
      9.999995229837842e-07,
      0.40585039356496005
    ],
    [
      9.999990013867824e-07,
      0.1873943673166918,
      0.8126046326843069
    ],
    [
      0.06306989486584319,
      0.6853979163929801,
      0.25153218874117683
    ],
    [
      0.32611722489353634,
      0.18379224926696386,
      0.4900905258394998
    ],
    [
      0.9576708159480916,
      0.0006355180819921244,
      0.0416936659699162
    ],
    [
      0.5975533118666337,
      9.999991538618445e-07,
      0.4024456881342124
    ],
    [
      0.8906748253964037,
      0.009678125543834555,
      0.0996470490597618
    ],
    [
      0.4661743565251397,
      0.5293617998609736,
      0.004463843613886606
    ],
    [
      0.19296382696820324,
      1.2368444153486722e-05,
      0.8070238045876433
    ],
    [
      0.5392733588783183,
      0.45372935791287655,
      0.006997283208805213
    ],
    [
      0.1373766565107482,
      0.7477324784279565,
      0.11489086506129524
    ],
    [
      0.19904187552087266,
      0.12141249261359978,
      0.6795456318655275
    ],
    [
      0.18393605474819255,
      0.8160317399077212,
      3.220534408617356e-05
    ],
    [
      0.18353454038843608,
      0.0016640657610218948,
      0.814801393850542
    ],
    [
      0.6914114226448183,
      0.3064254449133343,
      0.0021631324418474535
    ],
    [
      0.690434157879489,
      0.25649730256133363,
      0.05306853955917737
    ],
    [
      0.9105762172164684,
      0.08942278278379394,
      9.999997377939828e-07
    ],
    [
      0.7985344940069685,
      0.0015712913968049056,
      0.19989421459622658
    ],
    [
      0.853830103369224,
      0.08568680507448796,
      0.060483091556287956
    ],
    [
      0.5097366696790334,
      0.11597592618683253,
      0.37428740413413414
    ],
    [
      0.9170830687860334,
      0.015136856122386183,
      0.06778007509158052
    ],
    [
      0.022107247885340516,
      0.02191878330285477,
      0.9559739688118047
    ],
    [
      0.848112639321002,
      0.1466104646159206,
      0.005276896063077418
    ],
    [
      0.4003249613814529,
      0.001821889626461308,
      0.5978531489920857
    ],
    [
      0.22532400582135576,
      0.11203871623988287,
      0.6626372779387614
    ],
    [
      0.6467106932162621,
      0.0776440388469353,
      0.2756452679368027
    ],
    [
      0.9212838553214884,
      0.07871355747191079,
      2.5872066008455356e-06
    ],
    [
      0.9229981533039243,
      0.027596540214637123,
      0.049405306481438614
    ],
    [
      0.1415798049497233,
      0.8472452692839146,
      0.01117492576636205
    ],
    [
      0.0005886133602364111,
      0.008372173440609573,
      0.991039213199154
    ],
    [
      0.7010850868940852,
      0.29788049865378013,
      0.0010344144521345871
    ],
    [
      0.9877935436873513,
      0.012194920286649955,
      1.153602599879883e-05
    ],
    [
      0.81011394801056,
      0.014473100279871018,
      0.17541295170956894
    ],
    [
      0.831511127411158,
      0.007072263674837302,
      0.1614166089140048
    ],
    [
      0.341121051388291,
      0.047156963061247385,
      0.6117219855504616
    ],
    [
      0.9999958025112977,
      3.1974887292221166e-06,
      9.999999731261532e-07
    ],
    [
      0.1931272423755683,
      0.09732163821838008,
      0.7095511194060516
    ],
    [
      0.09285056494235759,
      0.18558233178082853,
      0.7215671032768138
    ],
    [
      0.14475734562425652,
      0.26770671314595895,
      0.5875359412297846
    ],
    [
      0.31256702081545895,
      0.08331629361571298,
      0.604116685568828
    ],
    [
      0.017985270985022794,
      0.04437489489325547,
      0.9376398341217218
    ],
    [
      0.2263944653899462,
      0.02219558083981768,
      0.7514099537702361
    ],
    [
      0.7834683102375296,
      0.012264401859578267,
      0.2042672879028922
    ],
    [
      0.7973748350224814,
      0.0034780732254643338,
      0.1991470917520542
    ],
    [
      0.017795578987719454,
      0.861904728135792,
      0.12029969287648858
    ],
    [
      0.3688516295807173,
      0.036339007609776465,
      0.5948093628095061
    ],
    [
      0.9628032207326204,
      9.999990159719947e-07,
      0.03719577926836374
    ],
    [
      0.9782934992330168,
      0.02167067844514709,
      3.582232183596824e-05
    ],
    [
      0.6108933655909871,
      0.3891050915902671,
      1.542818745913558e-06
    ],
    [
      0.8233760183749751,
      0.013867150410002837,
      0.16275683121502207
    ],
    [
      9.999990031906705e-07,
      0.6108244042987804,
      0.3891745957022164
    ],
    [
      0.9213394648348463,
      0.07775639175806091,
      0.0009041434070928255
    ],
    [
      0.4921560894045081,
      0.47585383360344335,
      0.031990076992048415
    ],
    [
      0.49997268932579514,
      0.04368886128270169,
      0.4563384493915032
    ],
    [
      0.39704543675732085,
      0.3062684059024088,
      0.2966861573402705
    ],
    [
      0.13744227151100447,
      0.5915134954580326,
      0.271044233030963
    ],
    [
      0.7198852505469348,
      0.03392748968254605,
      0.24618725977051925
    ],
    [
      0.8744538835618674,
      9.712031945242051e-05,
      0.12544899611868016
    ],
    [
      0.5687673984562095,
      0.2289118331108878,
      0.2023207684329028
    ],
    [
      0.737365983092263,
      7.225188740055927e-06,
      0.26262679171899694
    ],
    [
      0.15838050976692009,
      0.8080729280606952,
      0.03354656217238468
    ],
    [
      0.3007601357941832,
      0.48341885154676206,
      0.21582101265905482
    ],
    [
      0.8532594860798577,
      0.13588690733344005,
      0.010853606586702163
    ],
    [
      0.9901282579735281,
      0.009630595647718392,
      0.00024114637875344587
    ],
    [
      0.4603804524556338,
      0.19876532799949145,
      0.3408542195448747
    ],
    [
      0.026084182593230396,
      0.00195149783796209,
      0.9719643195688076
    ],
    [
      0.3010734881403295,
      0.5416321423324629,
      0.1572943695272077
    ],
    [
      0.2315571031226493,
      0.024641478079341073,
      0.7438014187980097
    ],
    [
      0.6848741278111076,
      0.030035026297439066,
      0.28509084589145334
    ],
    [
      0.631572165448998,
      0.14738212995164476,
      0.22104570459935732
    ],
    [
      0.17254925367150298,
      0.821050882588606,
      0.006399863739891092
    ],
    [
      0.35626651964304384,
      0.029888025479463367,
      0.6138454548774928
    ],
    [
      0.9259520707851685,
      0.0015117171158212685,
      0.07253621209901029
    ],
    [
      0.6125359167920321,
      0.07865401782662872,
      0.3088100653813391
    ],
    [
      0.6376542814688759,
      0.3600012200949614,
      0.0023444984361627457
    ],
    [
      0.9043417836567516,
      0.03856560532883973,
      0.05709261101440872
    ],
    [
      0.39064818873426166,
      0.160885043603719,
      0.4484667676620194
    ],
    [
      0.5376227644176935,
      0.28233191731578955,
      0.1800453182665171
    ],
    [
      0.6013952645580716,
      0.12380802161130426,
      0.27479671383062426
    ],
    [
      0.20217394939838218,
      9.999990004558512e-07,
      0.7978250506026173
    ],
    [
      0.08483374322696391,
      0.5457656376063034,
      0.36940061916673267
    ],
    [
      0.22361784080961572,
      1.300606075594816e-05,
      0.7763691531296284
    ],
    [
      0.01821353886893065,
      0.2928995286789346,
      0.6888869324521347
    ],
    [
      0.26705015673539373,
      0.01931345915382077,
      0.7136363841107856
    ],
    [
      0.3316627809764771,
      0.47861589184129505,
      0.18972132718222792
    ],
    [
      0.5398282587657582,
      0.4035063630088336,
      0.05666537822540822
    ],
    [
      0.023135617872926555,
