{
  "sample_file": "C07_RD14-0003-30_31_32_33_34-1;1;1;1;1-M1e-0.315IP-Q1.9_003.5sec.fsa",
  "predicted_noc": 5,
  "noc_confidence": 1.0,
  "posterior_summary": {
    "Mx_1": {
      "mean": 0.3887986078853277,
      "std": 0.14527413177406437,
      "median": 0.41396003123920994,
      "mode": 0.47239567178217257,
      "credible_interval_95": [
        0.07494992243323349,
        0.616275652157029
      ],
      "credible_interval_90": [
        0.1102637962788132,
        0.5931018299459908
      ],
      "hpdi_95": [
        0.07446335600885504,
        0.6162306412108379
      ],
      "min": 0.011274501931466386,
      "max": 0.722616461623641
    },
    "Mx_2": {
      "mean": 0.15395208011979913,
      "std": 0.14017262730375762,
      "median": 0.10986562257153706,
      "mode": 0.030089050928875812,
      "credible_interval_95": [
        0.00032669468402079767,
        0.45618436056859424
      ],
      "credible_interval_90": [
        0.0012909520838941602,
        0.42010774615155294
      ],
      "hpdi_95": [
        9.999980007718034e-07,
        0.4204969601908792
      ],
      "min": 9.999980007718034e-07,
      "max": 0.5987532135224141
    },
    "Mx_3": {
      "mean": 0.14802237886040095,
      "std": 0.13736193670026225,
      "median": 0.11165548146262558,
      "mode": 0.024777545809212462,
      "credible_interval_95": [
        0.00020633464450781107,
        0.47097750852425085
      ],
      "credible_interval_90": [
        0.000978999386997307,
        0.41024029539404644
      ],
      "hpdi_95": [
        9.999990000009998e-07,
        0.4124741615793398
      ],
      "min": 9.999990000009998e-07,
      "max": 0.616317577028035
    },
    "Mx_4": {
      "mean": 0.15160468190581328,
      "std": 0.14812956398812846,
      "median": 0.10377615670605714,
      "mode": 0.022130758179235214,
      "credible_interval_95": [
        0.0001076316055148357,
        0.49770782732483515
      ],
      "credible_interval_90": [
        0.0007680449003987098,
        0.44559793728996827
      ],
      "hpdi_95": [
        9.999980007718034e-07,
        0.44957142213643886
      ],
      "min": 9.999980007718034e-07,
      "max": 0.629118411150237
    },
    "Mx_5": {
      "mean": 0.15762225122865894,
      "std": 0.14410274279325294,
      "median": 0.11609511309947274,
      "mode": 0.02619080682481828,
      "credible_interval_95": [
        0.00022056992662946773,
        0.4626696936412868
      ],
      "credible_interval_90": [
        0.0008621358247510082,
        0.42667484447143755
      ],
      "hpdi_95": [
        9.99999000001e-07,
        0.4268334880703098
      ],
      "min": 9.99999000001e-07,
      "max": 0.6514724447912297
    },
    "model_quality": {
      "acceptance_rate": 0.44195,
      "n_effective_samples": 1200,
      "converged": true,
      "final_step_size": 0.15
    },
    "contributor_ranking": [
      [
        1,
        0.3887986078853277
      ],
      [
        5,
        0.15762225122865894
      ],
      [
        2,
        0.15395208011979913
      ],
      [
        4,
        0.15160468190581328
      ],
      [
        3,
        0.14802237886040095
      ]
    ]
  },
  "convergence_diagnostics": {
    "effective_sample_size": [
      1023.8647833864215,
      577.8287545198469,
      790.3327227089416,
      505.8265153335958,
      510.60482539594176
    ],
    "min_ess": 505.8265153335958,
    "geweke_scores": [
      0.05484250274522921,
      0.017663517521548575,
      0.14923472253916026,
      0.14194824031442319,
      0.07707209186952549
    ],
    "max_geweke": 0.14923472253916026,
    "convergence_status": "Good",
    "convergence_issues": [],
    "true_value_bias": {
      "max_bias": 0.18879860788532765,
      "mean_bias": 0.07551944315413109,
      "bias_per_component": [
        0.18879860788532765,
        0.04604791988020124,
        0.05197762113959886,
        0.04839531809418687,
        0.04237774877134082
      ],
      "acceptable": false
    }
  },
  "computation_time": 5219.142714262009,
  "timestamp": "2025-06-10 13:54:26",
  "true_contributor_ids": [
    "30",
    "31",
    "32",
    "33",
    "34"
  ],
  "true_mixture_ratios": [
    0.2,
    0.2,
    0.2,
    0.2,
    0.2
  ],
  "sample_mixture_ratios": [
    [
      0.5608634306671471,
      0.24911192876433408,
      0.11996938187627719,
      0.02592819701635742,
      0.044127061675884274
    ],
    [
      0.4282992185255225,
      0.01673581651327582,
      0.31897683538068994,
      0.039390523933797224,
      0.1965976056467145
    ],
    [
      0.4148209180257523,
      0.11510605977441042,
      0.40885634876154897,
      0.015706302307519966,
      0.045510371130768376
    ],
    [
      0.09255026366317516,
      0.22219368836874903,
      0.3142142641352925,
      0.3419659404684787,
      0.029075843364304618
    ],
    [
      0.49372596872539215,
      0.08062917273828935,
      0.13859808211950245,
      0.2560362833016975,
      0.031010493115118623
    ],
    [
      0.24312194385939717,
      0.22014498081803432,
      0.13453347106575306,
      0.011949761931363078,
      0.39024984232545235
    ],
    [
      0.41753037113611763,
      0.41564058525166164,
      0.0042252500122829835,
      3.11308577803338e-05,
      0.1625726627421574
    ],
    [
      0.449400199131726,
      0.10000300153294782,
      0.24498178164253295,
      0.008818457156799103,
      0.19679656053599417
    ],
    [
      0.4617520742047413,
      0.4883293997037757,
      0.005956091343196072,
      0.0005564936190686732,
      0.04340594112921835
    ],
    [
      0.2581920278946856,
      0.00566430922676575,
      0.32973127767125815,
      0.08931634886064926,
      0.31709603634664124
    ],
    [
      0.43183486588621767,
      0.007020279025166827,
      0.3420325229053592,
      0.15148476658183974,
      0.0676275656014166
    ],
    [
      0.5467982941057755,
      0.033265116786627955,
      0.09831553651752323,
      0.17735604830686405,
      0.1442650042832094
    ],
    [
      0.5216632050095235,
      0.0008576678645819199,
      0.004680868394409168,
      0.38365453727429844,
      0.08914372145718702
    ],
    [
      0.5253296337799802,
      0.26083954671202175,
      0.17148854676684955,
      0.0006892601268085565,
      0.04165301261433998
    ],
    [
      0.5983768022382144,
      0.026061948840532083,
      0.24248527879593587,
      0.019314688361395976,
      0.1137612817639217
    ],
    [
      0.4163394649062409,
      0.010005823192879248,
      0.0006271696551158621,
      0.49765336038650604,
      0.07537418185925793
    ],
    [
      0.16920984959131782,
      0.04288963081313889,
      0.33629379800045733,
      0.0007015657221862896,
      0.45090515587289975
    ],
    [
      0.2770420162782655,
      0.04252911989456666,
      9.999990016253954e-07,
      0.3060153921599345,
      0.37441247166823166
    ],
    [
      0.27014280904809956,
      0.04033797359147342,
      0.2549806567196594,
      0.0003144741797553649,
      0.4342240864610123
    ],
    [
      0.3672639175469227,
      0.0011260859655111127,
      0.01889672750082349,
      0.16593721248241156,
      0.4467760565043311
    ],
    [
      0.5061379443947286,
      0.2856498843391505,
      0.05532784958053995,
      0.13090039008235524,
      0.0219839316032259
    ],
    [
      0.46851967344728856,
      0.09371143074590023,
      0.013917039611967115,
      0.38152252253719837,
      0.04232933365764584
    ],
    [
      0.5105455099001034,
      0.3555369764247103,
      0.011330982574467139,
      0.03475289945208951,
      0.08783363164862966
    ],
    [
      0.3563628113345063,
      0.05685109139962865,
      0.12771585507225833,
      0.32638909073272276,
      0.13268115146088386
    ],
    [
      0.014422261987249151,
      0.04049281517623675,
      0.25480308490259723,
      0.35214746091431437,
      0.3381343770196025
    ],
    [
      0.16906534379944105,
      0.4034241153032992,
      0.028413131837923516,
      0.3048528351543937,
      0.09424457390494252
    ],
    [
      0.5119743166792464,
      0.11742991343319818,
      0.1638598810096573,
      0.2043991231537784,
      0.0023367657241197943
    ],
    [
      0.494748359811679,
      0.41182466209464197,
      0.014053082358735118,
      0.007333836028545653,
      0.07204005970639821
    ],
    [
      0.401911728982018,
      0.24048061252586328,
      0.001224424928517285,
      0.06179893813557195,
      0.2945842954280296
    ],
    [
      0.33399072673584435,
      0.06102147589072758,
      0.005613427686465863,
      0.4636834875024979,
      0.13569088218446432
    ],
    [
      0.5085925686614615,
      0.00659712774042221,
      0.10037269351616561,
      0.000687137058653835,
      0.38375047302329685
    ],
    [
      0.2335924015565515,
      0.21911748303738338,
      0.32015540146082894,
      0.09925554599979339,
      0.12787916794544268
    ],
    [
      0.34160860042769414,
      0.09525949853405269,
      0.1585038288542064,
      0.3561602178747064,
      0.04846785430934035
    ],
    [
      0.22367270113441623,
      0.10364002818362632,
      0.004852141254045112,
      0.2882142013137414,
      0.37962092811417103
    ],
    [
      0.4079613228590049,
      0.0003782799779760434,
      0.029550786536232086,
      0.39339887643239807,
      0.16871073419438887
    ],
    [
      0.4523378102383182,
      0.13952417854937393,
      0.22703751937443223,
      0.013429571307670212,
      0.16767092053020546
    ],
    [
      0.5005685587100711,
      0.2593942082190609,
      0.12952991758537002,
      0.08628617000501133,
      0.024221145480486584
    ],
    [
      0.0934257345847618,
      0.47800906692835027,
      0.0006422068713121583,
      0.3447979876110541,
      0.08312500400452177
    ],
    [
      0.2337339149257296,
      0.16937710675522377,
      0.01113536839218457,
      0.26722573925531456,
      0.3185278706715475
    ],
    [
      0.5234296751943505,
      0.006425322773909313,
      0.09934537330505416,
      0.02478051340095349,
      0.34601911532573265
    ],
    [
      0.45205653409108204,
      0.03758606537022566,
      0.29026078839109176,
      0.13796167346280744,
      0.08213493868479319
    ],
    [
      0.3744944681760719,
      0.1926731946388236,
      0.29711751234768535,
      0.11525812952177582,
      0.020456695315643408
    ],
    [
      0.4654831581973131,
      0.006053482403256609,
      0.06787762782632403,
      0.17449276008944495,
      0.2860929714836614
    ],
    [
      0.14463630203065192,
      0.5159777059336922,
      0.05209562957120565,
      0.2378933065338614,
      0.04939705593058892
    ],
    [
      0.3206524600387484,
      0.38156772534641836,
      0.000928788611592894,
      0.18414793152458991,
      0.11270309447865057
    ],
    [
      0.26372184887077965,
      0.11112452993854817,
      0.052069494498042525,
      0.2094655344706196,
      0.36361859222201004
    ],
    [
      0.5118116848987859,
      0.23283988432103878,
      0.24588081059570058,
      0.008997971019850611,
      0.0004696491646242489
    ],
    [
      0.23038971626012536,
      0.2763480364948463,
      0.12257566926846207,
      0.026033553476967692,
      0.3446530244995986
    ],
    [
      0.5609571833386866,
      1.4680725781842054e-05,
      0.028139827956450533,
      0.06567165540446028,
      0.34521665257462075
    ],
    [
      0.3159214128538468,
      0.45041385663081474,
      0.03140638344105756,
      0.10529600550646981,
      0.09696234156781103
    ],
    [
      0.29453435979250986,
      0.3307969558356917,
      0.021007971247487166,
      0.26909982862180537,
      0.0845608845025059
    ],
    [
      0.4841498707470733,
      0.06967258726714572,
      0.18442175391762977,
      0.06099825680002753,
      0.2007575312681236
    ],
    [
      0.05019464323343968,
      0.09922329889682918,
      0.3376545743607064,
      0.21843573897260138,
      0.29449174453642335
    ],
    [
      0.5754138845303537,
      0.002468781990524909,
      0.288670510422708,
      0.003726094256143174,
      0.12972072880027027
    ],
    [
      0.438846251108874,
      0.007314037939587065,
      0.10389876567852645,
      0.053448381396860686,
      0.39649256387615195
    ],
    [
      0.31525832154347644,
      0.01006378000887316,
      0.3676031018128036,
      0.2505020226943287,
      0.056572773940518246
    ],
    [
      0.5468906775313128,
      0.030629186774421616,
      0.22494678579849628,
      0.09340817795980284,
      0.10412517193596636
    ],
    [
      0.31386794832068154,
      0.008137026711891709,
      0.3993380603280651,
      0.17931462140246648,
      0.09934234323689517
    ],
    [
      0.5596518838962367,
      0.10523288440459976,
      0.017298436427748674,
      0.3168087208028526,
      0.0010080744685623492
    ],
    [
      0.46619472264132833,
      0.3939791228531539,
      0.01893677174509782,
      0.1121164057265764,
      0.008772977033843415
    ],
    [
      0.4155291836821372,
      0.002017350387944745,
      0.024315306890652717,
      0.0750398183873611,
      0.48309834065190427
    ],
    [
      0.46117042418655607,
      0.5138060329895924,
      0.0036448970700009315,
      9.999990418415295e-07,
      0.021377645754808612
    ],
    [
      0.376373468682495,
      0.05823583392315952,
      0.3976545065431835,
      0.007831861230234405,
      0.15990432962092765
    ],
    [
      0.4452374749233392,
      0.19868187057203712,
      0.1900152212340872,
      0.00958613938256049,
      0.156479293887976
    ],
    [
      0.10150314417961986,
      0.2699208557720365,
      0.508155202208818,
      0.00019974151406505894,
      0.12022105632546058
    ],
    [
      0.6156187507394836,
      0.1886375853318884,
      0.009558588586923593,
      0.0006363182748056368,
      0.18554875706689888
    ],
    [
      0.41088097311942784,
      0.24434520803722204,
      0.17320050984186944,
      0.014294314486967873,
      0.15727899451451285
    ],
    [
      0.5475498920137651,
      0.10853143987488181,
      0.23156599817124787,
      0.08201722044006864,
      0.030335449500036592
    ],
    [
      0.4893398084274096,
      0.43618875236415744,
      0.025295183759633348,
      0.018937759382101287,
      0.030238496066698425
    ],
    [
      0.36943294838773716,
      0.21360669447047984,
      0.000979323705673767,
      0.13218606955488674,
      0.2837949638812226
    ],
    [
      0.1492215698662323,
      0.3339394744519904,
      0.19275635463330276,
      0.06494609926298069,
      0.2591365017854939
    ],
    [
      0.04670951927139446,
      0.4314241452405795,
      0.18362307464939767,
      0.042066942935914384,
      0.2961763179027141
    ],
    [
      0.42846082084518533,
      0.24176299700085765,
      0.11790873330162174,
      0.1498948196506825,
      0.06197262920165299
    ],
    [
      0.6777200013548313,
      0.2101073648269277,
      0.04128684394178537,
      0.047767135849800746,
      0.02311865402665477
    ],
    [
      0.099935308823661,
      0.05385840355220729,
      0.3118469387153819,
      0.3538402901037938,
      0.18051905880495597
    ],
    [
      0.38187464485245826,
      0.0278790975260446,
      0.2594191631182197,
      0.2124866611671116,
      0.1183404333361659
    ],
    [
      0.44650705791315215,
      0.43750184077314863,
      0.03688522582486153,
      8.08619897734753e-05,
      0.07902501349906413
    ],
    [
      0.4677857467691823,
      0.08410239201251206,
      0.0007336857060631979,
      0.10060884967982076,
      0.3467693258324217
    ],
    [
      0.3676499263787725,
      0.4558470726977317,
      0.09831706189593371,
      0.027004535365230956,
      0.0511814036623311
    ],
    [
      0.3808241464619367,
      0.0693430971039182,
      0.3563999266060332,
      0.026312912379053744,
      0.16711991744905816
    ],
    [
      0.45956487240159094,
      0.018743096547706006,
      0.02658599465420471,
      0.37301881924018776,
      0.12208721715631043
    ],
    [
      0.40117117154938003,
      0.007943093500268582,
      0.17469546189254642,
      0.37532821873766664,
      0.040862054320138494
    ],
    [
      0.32532564804746655,
      0.08878601092700299,
      0.16298122297467968,
      0.30521954533859746,
      0.11768757271225327
    ],
    [
      0.5804702861698908,
      0.2911686609060167,
      0.06576095285388471,
      0.06259910007119958,
      9.999990083434174e-07
    ],
    [
      0.343039937194217,
      0.05936062165238231,
      0.26258211847809704,
      0.3305288032346155,
      0.004488519440688123
    ],
    [
      0.46874516833127017,
      0.07811826667846354,
      0.27039330947772494,
      0.0015606626724425675,
      0.1811825928400988
    ],
    [
      0.4562912857380751,
      0.08515290893495374,
      0.002804969643066106,
      0.05218771442577579,
      0.4035631212581293
    ],
    [
      0.3907199424044318,
      0.20483303908600498,
      0.1189503927616269,
      0.28398746280831605,
      0.0015091629396202584
    ],
    [
      0.6381763444728211,
      0.024515457739110284,
      0.032790507573165366,
      0.0011534169457182268,
      0.30336427326918497
    ],
    [
      0.33006686192069656,
      0.13765248060966445,
      0.22092567040315578,
      0.31121217503277676,
      0.00014281203370648056
    ],
    [
      0.2535448863071536,
      0.09190606201697914,
      0.13101475355619788,
      0.24315705243897412,
      0.28037724568069533
    ],
    [
      0.5070662631767023,
      0.07978911686690894,
      0.00018910735161618822,
      0.020275472532033115,
      0.3926800400727395
    ],
    [
      0.3979118037670607,
      0.07827667555288068,
      0.4702672106094388,
      0.03456994360722092,
      0.01897436646339895
    ],
    [
      0.4317138451274474,
      0.5109871848240214,
      0.047060270409841114,
      0.003288094482997696,
      0.006950605155692414
    ],
    [
      0.4700102179860026,
      0.12550929948959053,
      0.006570368892538626,
      0.27756592228103083,
      0.12034419135083749
    ],
    [
      0.31866314048520333,
      0.06331490316222785,
      0.2812139034641241,
      0.27836718133458965,
      0.05844087155385508
    ],
    [
      0.5391729530966152,
      0.011253832241569952,
      0.0680823790446456,
      0.36543573459358053,
      0.016055101023588723
    ],
    [
      0.38312804380326954,
      0.24539066752065308,
      0.1497934612411999,
      0.10629164240099365,
      0.11539618503388391
    ],
    [
      0.4858966487231518,
      0.042220737429551194,
      0.1699644511287785,
      0.2600943319443191,
      0.04182383077419946
    ],
    [
      0.49564497984985617,
      0.23691427213785266,
      0.0010518536413641414,
      0.011212413148890703,
      0.2551764812220363
    ],
    [
      0.1991524284028915,
      0.24612607949660079,
      0.11576417779844267,
      0.41280682589591566,
      0.02615048840614937
    ],
    [
      0.13248985804367655,
      0.1684320353564947,
      0.2306451764417073,
      0.4583372876584159,
      0.010095642499705468
    ],
    [
      0.5227720832774561,
      0.006062011774286649,
      0.0788837970340025,
      0.2146305919269307,
      0.17765151598732407
    ],
    [
      0.3384700326673469,
      0.007771466611380076,
      0.3498124886979873,
      0.003835025525011928,
      0.3001109864982738
    ],
    [
      0.49250328719931336,
      0.37465123539099987,
      0.005661094204516311,
      0.04096253843596304,
      0.08622184476920737
    ],
    [
      0.26986891495079574,
      0.17860124753884665,
      0.2435515808291043,
      0.2975604144792939,
      0.010417842201959363
    ],
    [
      0.2633776658161592,
      0.39598066716465835,
      0.16039331328146658,
      0.17906332975347827,
      0.0011850239842376765
    ],
    [
      0.41380289677676557,
      0.08149135279563516,
      0.22454170654086975,
      0.011646357644756838,
      0.26851768624197253
    ],
    [
      0.47515887695262427,
      0.04193122097920531,
      0.17041459877696014,
      0.19697293362284246,
      0.11552236966836792
    ],
    [
      0.3706186939982175,
      0.008962597480605433,
      0.01532811819647295,
      0.5983347191385088,
      0.00675587118619538
    ],
    [
      0.29703241154594623,
      0.19595530962470906,
      0.042769068805487136,
      0.45916072450852763,
      0.005082485515330108
    ],
    [
      0.2331313945233223,
      0.0002963974705182591,
      0.08270540372224476,
      0.5223254307319645,
      0.16154137355195028
    ],
    [
      0.40138798540642134,
      0.08832299713874121,
      0.04517376831379611,
      0.01635807887427311,
      0.4487571702667683
    ],
    [
      0.4068875264797489,
      0.4495808894880523,
      0.047003213338062,
      0.09430487889079396,
      0.0022234918033428325
    ],
    [
      0.2763070107417136,
      0.0883413929144161,
      0.07675675278745159,
      0.1931921332258268,
      0.365402710330592
    ],
    [
      0.32162697185686284,
      0.08584160085397383,
      0.1508320786169838,
      0.2897977719223746,
      0.1519015767498048
    ],
    [
      0.5462956951943418,
      0.030223059467540843,
      0.0545598255205993,
      0.3078401054208836,
      0.061081314396634535
    ],
    [
      0.254179284874442,
      0.0004819162181522964,
      0.14069108842702466,
      0.5037386808147977,
      0.1009090296655833
    ],
    [
      0.5134948767361434,
      0.0030430632509231433,
      0.042862386055014336,
      0.3588680977349595,
      0.08173157622295958
    ],
    [
      0.28939683419539497,
      0.18917899239654787,
      0.13301071966496422,
      0.21004040179150882,
      0.1783730519515842
    ],
    [
      0.30349469782374144,
      0.11020598993235267,
      0.18366818074943675,
      0.3841366604390682,
      0.01849447105540095
    ],
    [
      0.36530015771149016,
      0.00019530986259330186,
      0.3180629030982264,
      0.29203320045766157,
      0.024408428870028694
    ],
    [
      0.4328880158169885,
      0.027202540638882583,
      0.0010481797983191855,
      0.4083268261790875,
      0.13053443756672226
    ],
    [
      0.0999116103652661,
      0.005422232321103888,
      0.3433787560601773,
      0.45954771950851975,
      0.09173968174493295
    ],
    [
      0.4520499512758221,
      0.2011040310875156,
      0.019976380911913907,
      0.033071858028009396,
      0.29379777869673906
    ],
    [
      0.46299340558083685,
      0.11553792450151042,
      0.003188250631947671,
      0.1984707336734867,
      0.21980968561221834
    ],
    [
      0.07633246674435323,
      0.16019295468207354,
      0.15110442653175218,
      0.4101425470411788,
      0.2022276050006423
    ],
    [
      0.35578933619691744,
      0.36526233358551174,
      0.1936221813757123,
      0.00855725318540478,
      0.07676889565645376
    ],
    [
      0.6334417166116402,
      9.999990000013963e-07,
      0.07664012906359362,
      0.04151874497242385,
      0.2483984093533424
    ],
    [
      0.47568533038704625,
      0.051346272935156714,
      0.10226826164397228,
      0.17929459081181168,
      0.19140554422201306
    ],
    [
      0.48241750809251077,
      0.03300780935801661,
      0.4730727897415734,
      0.001041847320525606,
      0.010460045487373656
    ],
    [
      0.2698188374110663,
      0.20741514622166557,
      0.00018981971316137686,
      0.11598244665136426,
      0.40659375000274245
    ],
    [
      0.28217237059322553,
      0.12055299114324877,
      0.15835146818527476,
      9.312552633885076e-05,
      0.43883004455191205
    ],
    [
      0.36279659364894046,
      0.01019318509275698,
      0.06932311718841724,
      0.07321656519847715,
      0.48447053887140806
    ],
    [
      0.6482032188431532,
      0.11442808599261314,
      0.06571992393970895,
      0.0989252351119589,
      0.07272353611256571
    ],
    [
      0.1380175462704924,
      0.3550763650731373,
      0.19610685913400439,
      0.2797362361444679,
      0.03106299337789805
    ],
    [
      0.4916450384460611,
      0.19806159407616641,
      0.021012961404588172,
      0.2720501610937514,
      0.017230244979432808
    ],
    [
      0.35821072363871,
      0.08762280590200795,
      0.07159936178250585,
      0.4794044836892362,
      0.003162624987540145
    ],
    [
      0.28290287893466615,
      0.36349282994369936,
      0.0023619291998764847,
      0.24328123282998837,
      0.10796112909176969
    ],
    [
      0.298238992178382,
      0.08054108058974828,
      0.42311953338662733,
      0.061899771660984995,
      0.1362006221842574
    ],
    [
      0.5046597499556972,
      0.013606064100803332,
      0.23282414410783803,
      0.019379372304640274,
      0.22953066953102122
    ],
    [
      0.39422882381256885,
      0.10979631588042123,
      0.22849348165597091,
      0.12981110318479722,
      0.1376702754662419
    ],
    [
      0.24064293351504004,
      0.3753080132064449,
      0.038092415668752655,
      0.3433924062838657,
      0.0025642313258967403
    ],
    [
      0.2946814784716078,
      0.20681234003862536,
      0.16454286426641812,
      0.08174927943937767,
      0.25221403778397117
    ],
    [
      0.17340860865299926,
      0.2668162364158871,
      0.5366823988801429,
      0.013393259028187828,
      0.009699497022782895
    ],
    [
      0.30138188489333634,
      0.011199801002132553,
      0.0038238626643362595,
      0.3197414614748082,
      0.3638529899653868
    ],
    [
      0.2016998757684181,
      0.370548147173873,
      0.014362573429822138,
      0.031666199982116186,
      0.3817232036457706
    ],
    [
      0.2305067132702578,
      0.21970522611067209,
      0.12495802037369623,
      0.031050780710601692,
      0.39377925953477216
    ],
    [
      0.2720086980562241,
      0.4339467871858362,
      0.05340636530712442,
      0.2309949467531724,
      0.009643202697642999
    ],
    [
      0.449325290422648,
      0.01450173615636589,
      0.3246148843527939,
      0.00044256039957970644,
      0.21111552866861255
    ],
    [
      0.5398302375571208,
      0.010209924652828146,
      0.01788089380928367,
      0.4185639749601677,
      0.013514969020599782
    ],
    [
      0.2859671146395933,
      0.34901253052406866,
      0.1469018380151397,
      0.11537436740995123,
      0.1027441494112472
    ],
    [
      0.4209031991226239,
      0.04930463438415367,
      0.14217937447892873,
      0.3184636582019898,
      0.06914913381230378
    ],
    [
      0.3728452447822713,
      0.023092398426703794,
      0.04348054875733439,
      0.5538093211209806,
      0.006772486912709913
    ],
    [
      0.41220277551322915,
      0.1770623959262055,
      0.013041834518365778,
      0.008162663613500452,
      0.38953033042869895
    ],
    [
      0.37430065027438336,
      7.055244319313199e-05,
      0.31096541639911274,
      0.09241125544867947,
      0.22225212543463124
    ],
    [
      0.4994076052920965,
      0.007931969010590687,
      0.0005164620923826104,
      0.04238713546365087,
      0.4497568281412793
    ],
    [
      0.4734611688402358,
      0.0817241289438794,
      0.322002602336366,
      0.11941958155526397,
      0.0033925183242547747
    ],
    [
      0.1433687270443768,
      0.3874175696437765,
      0.03166026002880761,
      0.09184781232488493,
      0.34570563095815415
    ],
    [
      0.44961074090858155,
      0.005766754443774019,
      0.21148600909050244,
      0.17400694675361558,
      0.15912954880352656
    ],
    [
      0.44150629187549695,
      0.014867748810847384,
      0.24908020067802816,
      0.0076132634796367135,
      0.28693249515599084
    ],
    [
      0.6147759819920403,
      0.02405954295078118,
      0.19958472225371077,
      0.10387022978831535,
      0.05770952301515246
    ],
    [
      0.6365098647873226,
      0.0503978333588679,
      0.04738612616212964,
      0.02872902048049149,
      0.23697715521118826
    ],
    [
      0.5412863114525804,
      0.2743449473486822,
      0.1114959377754262,
      0.0690609710593816,
      0.0038118323639295747
    ],
    [
      0.5606244579630627,
      0.09477468786344462,
      0.013284784096760609,
      0.02660343989400297,
      0.30471263018272926
    ],
    [
      0.4323641593647752,
      0.005419975568103878,
      0.006167313391347226,
      0.5380784947947933,
      0.01797005688098047
    ],
    [
      0.30077700027268134,
      0.24260490062925605,
      0.03659214789180665,
      0.263128096853644,
      0.15689785435261203
    ],
    [
      0.6250408522130978,
      0.0029508236011754683,
      0.11821580295902466,
      0.25369510656261884,
      9.7414664083239e-05
    ],
    [
      0.4529181151960438,
      0.06263091016440096,
      0.009583497803160979,
      0.006606200508082218,
      0.4682612763283121
    ],
    [
      0.17596050036664476,
      0.05251556756929014,
      0.32449616942228754,
      0.2850144001437244,
      0.16201336249805307
    ],
    [
      0.2290320818738204,
      0.040074321305120925,
      0.5158241122286953,
      0.2014985431455635,
      0.013570941446799961
    ],
    [
      0.22823248971735924,
      0.04091109069229692,
      0.38911837471759686,
      0.016194293179693408,
      0.3255437516930535
    ],
    [
      0.3779215856345394,
      0.06208255972990354,
      0.2522927330237195,
      0.18625633531576866,
      0.12144678629606875
    ],
    [
      0.39533276056094313,
      0.03265090621990506,
      0.2304541197941282,
      0.02464547606478226,
      0.31691673736024134
    ],
    [
      0.4588309873794747,
      0.4402378505887498,
      0.002731256112381686,
      0.04816842507838371,
      0.05003148084101018
    ],
    [
      0.16039679873513704,
      0.44753249848268106,
      0.10541395136283828,
      0.25295171367239533,
      0.03370503774694831
    ],
    [
      0.3047816266868014,
      0.002181338097722215,
      0.11642004030299642,
      0.24810450463966363,
      0.32851249027281626
    ],
    [
      0.41730630390134577,
      0.42428455368139184,
      0.028830675902014234,
      0.002226919501144202,
      0.12735154701410395
    ],
    [
      0.2692352476836287,
      0.07441212967654928,
      0.22164049062494257,
      0.31732386292782455,
      0.11738826908705488
    ],
    [
      0.5751832944625271,
      0.03392041156361164,
      0.038618447560648486,
      0.3183776865605601,
      0.033900159852652656
    ],
    [
      0.28202798379598804,
      0.3176473543914207,
      0.1368483498135757,
      0.05745481534167661,
      0.20602149665733893
    ],
    [
      0.5784348488664023,
      0.1297979592348557,
      0.007570939161585036,
      0.2397602728340479,
      0.04443597990310901
    ],
    [
      0.07845692814762616,
      0.011592025205576565,
      0.36366767358759383,
      0.47900126796395315,
      0.06728210509525032
    ],
    [
      0.4681126076070889,
      0.4453282741554521,
      0.005666090316247183,
      0.02091952159908662,
      0.059973506322125156
    ],
    [
      0.4735362121869324,
      0.1370128330687635,
      0.16573142018111978,
      0.1820654291572331,
      0.04165410540595132
    ],
    [
      0.5249856639666893,
      0.08103193066942499,
      0.023141258604647566,
      0.049420445172324086,
      0.32142070158691405
    ],
    [
      0.11566475324154851,
      0.290416784623884,
      0.03928836002579297,
      0.12367277445035874,
      0.4309573276584158
    ],
    [
      0.6055211631251181,
      0.06954477667433764,
      0.024054311592423706,
      0.06764580823089385,
      0.23323394037722672
    ],
    [
      0.2395077855843597,
      0.2141991199130789,
      0.17365518215186504,
      0.0005094385417046714,
      0.3721284738089916
    ],
    [
      0.4931989469251687,
      0.3050322542419507,
      0.05981502038495943,
      0.045862777417811355,
      0.0960910010301098
    ],
    [
      0.12035977693844276,
      0.3602306992893047,
      0.2606622750004067,
      0.08617675409467819,
      0.17257049467716779
    ],
    [
      0.15615671057379915,
      0.0048695362206948945,
      0.3705474769351115,
      0.46820485995648276,
      0.00022141631391163106
    ],
    [
      0.4476555441796703,
      0.0816386263105161,
      0.3465291544608683,
      0.01742936215699573,
      0.10674731289194972
    ],
    [
      0.4141171657016543,
      0.08214401911384775,
      0.003396280470997615,
      0.10874226878116892,
      0.39160026593233144
    ],
    [
      0.47341176922159733,
      0.1501479526963921,
      0.013908889764013561,
      0.00039130616573406803,
      0.3621400821522629
    ],
    [
      0.13004121811003466,
      0.39755797567413026,
      0.007576950781351784,
      0.04530253261686894,
      0.4195213228176145
    ],
    [
      0.5678921776905723,
      0.022391675414237425,
      0.3559240579700876,
      0.002138955477520099,
      0.05165313344758274
    ],
    [
      0.35518403028253737,
      0.08523926922985776,
      0.0020699032782031048,
      0.20969584054987375,
      0.34781095665952805
    ],
    [
      0.6142884480391144,
      0.315707261854903,
      0.04495626050203002,
      0.013289307680871217,
      0.01175872192308125
    ],
    [
      0.2596231575240932,
      0.0005523638545841759,
      0.3571474650921037,
      0.2424143358082602,
      0.1402626777209587
    ],
    [
      0.273438310814531,
      0.44251508456188643,
      0.0033853364815980436,
      0.08758213817396465,
      0.19307912996801985
    ],
    [
      0.16115540188283212,
      0.3213316308226893,
      0.2831696442925905,
      0.20672183160139368,
      0.027621491400494518
    ],
    [
      0.2895601946730251,
      0.07059237540853615,
      0.45000582227625885,
      0.18838137720773984,
      0.0014602304344399689
    ],
    [
      0.6582848324131946,
      0.00166462132064817,
      0.3317877941541869,
      0.007218080420185559,
      0.0010446716917848313
    ],
    [
      0.49568894285965087,
      0.0009663768141311421,
      0.04299173563757639,
      0.00336302426722932,
      0.4569899204214124
    ],
    [
      0.48394754570364173,
      0.030045917333995108,
      0.0553332910255118,
      0.2516429574140581,
      0.1790302885227932
    ],
    [
      0.5477234790394924,
      0.09362220231003397,
      0.06257716063274872,
      0.037063478316723214,
      0.2590136797010018
    ],
    [
      0.370732734072363,
      0.07414954114712227,
      0.22610991008099204,
      0.004884075247778647,
      0.3241237394517441
    ],
    [
      0.47075502534374314,
      0.0024595528143456103,
      0.3174644029544574,
      0.0012640796578422804,
      0.2080569392296117
    ],
    [
      0.5589727227613596,
      0.30162384239062046,
      0.014502287156963802,
      0.12485317920905606,
      4.796848200029084e-05
    ],
    [
      0.5610488215084838,
      0.022606698826892133,
      0.3057024713315466,
      0.052326018769526,
      0.05831598956355144
    ],
    [
      0.5722030143233656,
      0.022665183403108087,
      0.036922806619635914,
      0.15460416203947436,
      0.213604833614416
    ],
    [
      0.25701519051211763,
      0.018121083956564324,
      0.45800526625225757,
      0.0063379561101125055,
      0.260520503168948
    ],
    [
      0.7015913516123989,
      0.16999179435167272,
      0.12776265195108885,
      0.0004666412622144081,
      0.00018756082262509562
    ],
    [
      0.4617369977915764,
      0.002360660236065021,
      0.014232004544332755,
      0.3481188534057775,
      0.17355148402224846
    ],
    [
      0.3402881029665189,
      0.027438058628493616,
      0.1536186892447435,
      0.25313614689337244,
      0.22551900226687147
    ],
    [
      0.35752465717623977,
      0.0857509343471978,
      0.10599643596103461,
      0.00226062928883532,
      0.4484673432266925
    ],
    [
      0.45321451077505376,
      0.08335375124148116,
      0.31719240576085417,
      0.053019674899739834,
      0.09321965732287105
    ],
    [
      0.5751835287715651,
      0.20419613009324558,
      9.999990000009998e-07,
      0.03801828155483618,
      0.1826010595813531
    ],
    [
      0.5175827398517208,
      0.35836107687197855,
      0.11426071937478248,
      0.009794463902518143,
      9.999990000378828e-07
    ],
    [
      0.6197512753494645,
      0.31065993709383594,
      0.06634049912256575,
      0.0009837575078558158,
      0.002264530926277931
    ],
    [
      0.2793736448553854,
      0.21235348495618428,
      0.3808157670821358,
      0.12444167569141079,
      0.003015427414883657
    ],
    [
      0.2998752597274629,
      0.04324447702875436,
      0.01308702309165905,
      0.2415982101150195,
      0.40219503003710433
    ],
    [
      0.1316709201572186,
      0.1127913478057853,
      0.3475869178987039,
      0.039268286278062024,
      0.3686825278602301
    ],
    [
      0.521478344655646,
      0.022703730922867427,
      0.00755475745645886,
      0.08201265399690676,
      0.3662505129681211
    ],
    [
      0.5872243973430608,
      0.03835544466552882,
      0.18216972602006698,
      0.06718131579207026,
      0.12506911617927335
    ],
    [
      0.5172392758960506,
      0.05455877923283764,
      0.012529595419570626,
      0.37170495950225946,
      0.04396738994928173
    ],
    [
      0.4779604865318398,
      0.04070560579492343,
      0.22605264792520724,
      0.2547095072777238,
      0.0005717524703058676
    ],
    [
      0.20481014536453435,
      0.0013646140294277102,
      0.2636697646982937,
      0.5250531370695681,
      0.005102338838176116
    ],
    [
      0.6025137253066225,
      0.2559556312770458,
      0.1046460750226498,
      0.036538775444862,
      0.00034579294882002985
    ],
    [
      0.46335945460704564,
      0.4293273750448733,
      0.01390927200285889,
      0.04331656390867494,
      0.050087334436547115
    ],
    [
      0.6280309058370681,
      0.06183197437984099,
      0.20135588935372117,
      0.05235669190396481,
      0.05642453852540489
    ],
    [
      0.4782481150884897,
      0.07439585703482847,
      0.0011878960270141614,
      0.4319341517349738,
      0.014233980114693895
    ],
    [
      0.49126987428422375,
      0.08732953922168618,
      0.01715477827138652,
      0.08140611643798486,
      0.3228396917847186
    ],
    [
      0.35039469304059356,
      0.3795412452480572,
      1.8062313045757083e-05,
      0.06600935340846607,
      0.20403664598983737
    ],
    [
      0.4263257901803862,
      0.10993492926265289,
      0.053288446619232516,
      0.37681189296809936,
      0.033638940969629154
    ],
    [
      0.313038099128296,
      0.13546532642998288,
      0.032955711240665,
      0.4611826512102242,
      0.05735821199083194
    ],
    [
      0.36549500492176934,
      0.12935509453423985,
      0.15886886716773865,
      5.7432237136865146e-05,
      0.34622360113911527
    ],
    [
      0.3092684806080005,
      0.15881736864403775,
      0.09233198949375006,
      9.999990000009998e-07,
      0.43958116125521157
    ],
    [
      0.22820307118891833,
      0.33860594541974687,
      0.18881899764410037,
      0.12507817368832158,
      0.11929381205891293
    ],
    [
      0.4529112653652455,
      0.006992787495050639,
      0.1259865277533766,
      0.00045122075406156325,
      0.4136581986322657
    ],
    [
      0.3849139373534438,
      0.12938093614520596,
      0.21173104167891882,
      0.1979486644564696,
      0.07602542036596187
    ],
    [
      0.3226848392724847,
      0.10515989885722588,
      0.24941878281971097,
      0.07807470144791362,
      0.24466177760266486
    ],
    [
      0.5470645811847102,
      0.015455733931410575,
