{
  "sample_file": "F03_RD14-0003-49_50_29-1;4;1-M3S30-0.09IP-Q2.9_002.5sec.fsa",
  "predicted_noc": 5,
  "noc_confidence": 0.5820698388253862,
  "posterior_summary": {
    "Mx_1": {
      "mean": 0.23543195702937497,
      "std": 0.3422642652542916,
      "median": 0.020440529278438497,
      "mode": 0.015076301503833794,
      "credible_interval_95": [
        9.999980003070468e-07,
        0.9914478060431182
      ],
      "credible_interval_90": [
        9.999980725955198e-07,
        0.9701441310486739
      ],
      "hpdi_95": [
        9.999960170763835e-07,
        0.9702312430047302
      ],
      "min": 9.999960170763835e-07,
      "max": 0.9999960000145262
    },
    "Mx_2": {
      "mean": 0.20237410021115337,
      "std": 0.3173182004585987,
      "median": 0.014954580298284052,
      "mode": 0.010051201001214633,
      "credible_interval_95": [
        9.999980000093238e-07,
        0.9870978803325496
      ],
      "credible_interval_90": [
        9.999980128734074e-07,
        0.9471220473407619
      ],
      "hpdi_95": [
        9.999960170763835e-07,
        0.9480905034480934
      ],
      "min": 9.999960170763835e-07,
      "max": 0.9999960000131741
    },
    "Mx_3": {
      "mean": 0.17276501793190932,
      "std": 0.28555771263104424,
      "median": 0.012462634762563225,
      "mode": 0.010051159336215525,
      "credible_interval_95": [
        9.99998000026681e-07,
        0.969381820076786
      ],
      "credible_interval_90": [
        9.999980138789397e-07,
        0.8818172261519274
      ],
      "hpdi_95": [
        9.999960170763835e-07,
        0.8847437712201177
      ],
      "min": 9.999960170763835e-07,
      "max": 0.9999918543457628
    },
    "Mx_4": {
      "mean": 0.19897597575731674,
      "std": 0.31604292789149757,
      "median": 0.014453211435519473,
      "mode": 0.015076256512415922,
      "credible_interval_95": [
        9.999980000563024e-07,
        0.9856870106244864
      ],
      "credible_interval_90": [
        9.999980212538e-07,
        0.9469859184262677
      ],
      "hpdi_95": [
        9.999960170763835e-07,
        0.9479178271391894
      ],
      "min": 9.999960170763835e-07,
      "max": 0.9999930155838072
    },
    "Mx_5": {
      "mean": 0.1904529490702456,
      "std": 0.3068678272414178,
      "median": 0.014456493638188489,
      "mode": 0.010051201001590283,
      "credible_interval_95": [
        9.999980000400576e-07,
        0.9827871801793753
      ],
      "credible_interval_90": [
        9.999980099936482e-07,
        0.9424465843175496
      ],
      "hpdi_95": [
        9.999963685414145e-07,
        0.9437929440762409
      ],
      "min": 9.999963685414145e-07,
      "max": 0.9999960000159317
    },
    "model_quality": {
      "acceptance_rate": 1.0,
      "n_effective_samples": 2000,
      "converged": false,
      "final_step_size": 0.11789738455000007
    },
    "contributor_ranking": [
      [
        1,
        0.23543195702937497
      ],
      [
        2,
        0.20237410021115337
      ],
      [
        4,
        0.19897597575731674
      ],
      [
        5,
        0.1904529490702456
      ],
      [
        3,
        0.17276501793190932
      ]
    ]
  },
  "convergence_diagnostics": {
    "effective_sample_size": [
      146.51694157918655,
      164.28702240588427,
      249.99143757708663,
      183.00995170110824,
      177.69908183432597
    ],
    "min_ess": 146.51694157918655,
    "geweke_scores": [
      0.14192429909711993,
      0.08928990891880294,
      0.28617624432474653,
      0.6227373107869845,
      0.13108268820366215
    ],
    "max_geweke": 0.6227373107869845,
    "convergence_status": "Good",
    "convergence_issues": []
  },
  "computation_time": 3.701442003250122,
  "timestamp": "2025-06-08 22:19:23",
  "sample_mixture_ratios": [
    [
      0.0004409556288527193,
      0.0008743935415507929,
      0.00048711770090389066,
      1.9308722902360732e-06,
      0.9981956022564024
    ],
    [
      0.25119932941399814,
      0.05055312754029151,
      0.3815592727733247,
      2.9591340701123504e-05,
      0.3166586789316846
    ],
    [
      9.99999258215726e-07,
      0.9959225772168816,
      9.47540916343e-06,
      0.003720425490615244,
      0.00034652188408155446
    ],
    [
      0.9357627796825772,
      0.06416753209947043,
      9.999980004102163e-07,
      6.768822195157094e-05,
      9.999980004102163e-07
    ],
    [
      0.007039589731728821,
      3.5429404199294626e-06,
      0.18262133612383974,
      9.99999000001e-07,
      0.8103345312050114
    ],
    [
      0.004545510155026355,
      1.9404905399707887e-05,
      0.9318251109000814,
      0.06360897404046505,
      9.999990275161248e-07
    ],
    [
      0.961501103755879,
      0.0033497517844628386,
      4.677754550933873e-05,
      0.03510136691514812,
      9.999990007600369e-07
    ],
    [
      0.0006225763902808889,
      0.007850523373151173,
      0.9915075945695033,
      9.999990069443225e-07,
      1.830566805777541e-05
    ],
    [
      0.11974683061991892,
      0.254610506809327,
      0.06859933690530631,
      0.5570423256664476,
      9.999990002633005e-07
    ],
    [
      9.365459122739061e-05,
      9.999990000100057e-07,
      0.5267249561664428,
      0.37144239785613503,
      0.10173799138719478
    ],
    [
      0.5346520274794867,
      0.3016992880935382,
      0.01386511780843229,
      0.14973159752141638,
      5.196909712642247e-05
    ],
    [
      0.8066325322345868,
      0.005455428220209593,
      9.99999000027947e-07,
      2.4295664060905247e-05,
      0.18788674388214266
    ],
    [
      0.0003690661060402198,
      0.23634635335923718,
      0.7616212960150508,
      6.95580182505397e-06,
      0.0016563287178467643
    ],
    [
      0.38971639507184813,
      0.00644308243438046,
      0.3828814011595504,
      0.039712852712835124,
      0.18124626862138596
    ],
    [
      0.48688470566454317,
      0.41764723196428544,
      0.05520055994828039,
      0.01892920388050589,
      0.021338298542385108
    ],
    [
      1.1209008535248613e-05,
      1.877936364013028e-05,
      0.14423292371543633,
      0.0024011133845922928,
      0.853335974527796
    ],
    [
      0.0011700515480196833,
      0.0010285590622882291,
      0.03601396413831423,
      0.00016817911512558156,
      0.9616192461362524
    ],
    [
      0.5854322152446424,
      9.999980014114029e-07,
      0.41449655188000184,
      6.923287935290424e-05,
      9.999980014114029e-07
    ],
    [
      9.999990017496327e-07,
      0.1898145456127252,
      0.06124956569538216,
      0.7478412358620906,
      0.0010936528308003943
    ],
    [
      0.0006633086719509128,
      0.008454825892331768,
      0.045221910356658304,
      0.003533831588540488,
      0.9421261234905185
    ],
    [
      3.0120541394504167e-06,
      0.9841631484676925,
      0.01524360046316658,
      9.99999251905456e-07,
      0.0005892390157496793
    ],
    [
      0.5012811444651127,
      3.1924620149793213e-06,
      0.00788554757407335,
      0.17009253742339606,
      0.3207375780754029
    ],
    [
      0.9955025912203052,
      2.029555659535058e-06,
      2.319745737769912e-05,
      0.0005132424742795919,
      0.003958939292377945
    ],
    [
      0.0040191159753064695,
      0.0122734313808387,
      0.05080164031195279,
      0.9328444825598377,
      6.132977206442492e-05
    ],
    [
      0.859506303127259,
      0.02041218289781246,
      0.12007951397837412,
      9.99998277252358e-07,
      9.99998277252358e-07
    ],
    [
      0.023731249142313792,
      0.461003346084477,
      9.999990220454425e-07,
      0.34760348231040844,
      0.16766092246377876
    ],
    [
      0.0174987631884082,
      0.7385535887383983,
      0.053797714766340765,
      2.0810570845770253e-05,
      0.19012912273600693
    ],
    [
      8.088062550561647e-06,
      0.03410779091293186,
      0.04823464741273544,
      0.9171304230062338,
      0.000519050605548461
    ],
    [
      0.06768395177318094,
      0.11725282779896166,
      9.999980015079292e-07,
      9.999980015079292e-07,
      0.8150612204318545
    ],
    [
      0.9272556436211139,
      9.999991158808347e-07,
      0.050818300729070676,
      0.021924055651583625,
      9.999991158808347e-07
    ],
    [
      0.6131497289295794,
      0.08722225377408448,
      0.2959969453099933,
      5.3119979831727315e-05,
      0.0035779520065112097
    ],
    [
      0.29894262330201726,
      9.99998041201763e-07,
      9.99998041201763e-07,
      1.0981458410597945e-05,
      0.7010443952434897
    ],
    [
      0.018152137493896013,
      0.7101970277093008,
      0.2499089500041489,
      0.0217408847936537,
      9.999990005462896e-07
    ],
    [
      0.8176809189095532,
      0.0070126444105491305,
      0.05913070693942624,
      0.11617472974147101,
      9.999990003985058e-07
    ],
    [
      0.007304779458751844,
      0.033381158095524416,
      0.00024317448826562292,
      0.9590698879584583,
      9.99999000001e-07
    ],
    [
      4.952038731971239e-05,
      0.8179027587681774,
      0.005887299568635945,
      0.17607765989318697,
      8.276138267993638e-05
    ],
    [
      0.00040607269726986944,
      9.999980430016294e-07,
      9.999980430016294e-07,
      0.06076550174814514,
      0.9388264255584989
    ],
    [
      0.005163219097349267,
      0.34090110886392455,
      0.0002488202689025632,
      0.06665019747462807,
      0.5870366542951956
    ],
    [
      0.7874062004964052,
      0.0014059393670566242,
      0.06898569004452446,
      9.99999001053699e-07,
      0.14220117009301256
    ],
    [
      0.006472066351563901,
      0.0026445759879606327,
      9.999990150869408e-07,
      0.9469368705992719,
      0.043945487062188406
    ],
    [
      0.029231851015459456,
      0.18193693926712384,
      8.970238693414411e-05,
      0.6082580312423269,
      0.18048347608815565
    ],
    [
      0.1556414411835491,
      0.7492562706873663,
      0.0936048387530498,
      0.0012736773354317958,
      0.00022377204060293354
    ],
    [
      0.00022393479802774267,
      0.007804293529173862,
      9.999990000009998e-07,
      0.9868918060236416,
      0.005078965650156737
    ],
    [
      0.4649114529650078,
      5.551713427058602e-06,
      9.999990000102562e-07,
      0.5206300448005537,
      0.014451950522011476
    ],
    [
      9.999990000010043e-07,
      0.025371830233078554,
      0.3421008679006082,
      0.185926793736678,
      0.4465995081306353
    ],
    [
      0.8634467107958814,
      0.012078543819978433,
      0.12447274538810334,
      9.999980184023004e-07,
      9.999980184023004e-07
    ],
    [
      0.12297363936164424,
      0.7741038631027367,
      9.999980002728421e-07,
      0.1029204975396186,
      9.999980002728421e-07
    ],
    [
      0.0015224141506293325,
      0.9224719300951597,
      9.999990380779256e-07,
      0.020904863592108577,
      0.055099792163064244
    ],
    [
      0.001965977174950182,
      9.999990079443368e-07,
      0.3118560094422696,
      0.04176478881075395,
      0.6444122245730184
    ],
    [
      0.0012545556624912995,
      0.0026590911610083895,
      0.44818864747685533,
      0.547881223134498,
      1.648256514701299e-05
    ],
    [
      0.00041292720720652326,
      0.10209583203447817,
      0.18115389376628852,
      0.17191080324650387,
      0.544426543745523
    ],
    [
      0.01202234778547715,
      0.7797841381253529,
      0.048734591001058744,
      5.565395338862473e-05,
      0.15940326913472255
    ],
    [
      0.06672914403387467,
      0.9313093764798894,
      0.00010481946381612155,
      0.00185566002341892,
      9.999990007845866e-07
    ],
    [
      0.009801231107980004,
      0.5862068624154174,
      0.4022785775280833,
      0.001712328949519256,
      9.999990000009998e-07
    ],
    [
      5.567490597717048e-06,
      9.99999023834616e-07,
      0.0651705873744388,
      0.005711669471210529,
      0.929111175664729
    ],
    [
      0.6502732871196446,
      9.999970295844795e-07,
      9.999970295844795e-07,
      9.999970295844795e-07,
      0.3497237128892667
    ],
    [
      9.999971552068307e-07,
      9.999971552068307e-07,
      9.999971552068307e-07,
      0.9999733270723283,
      2.3672936206119284e-05
    ],
    [
      6.596859697397083e-05,
      0.9990128087737635,
      0.0009192226332624822,
      9.999980000959435e-07,
      9.999980000959435e-07
    ],
    [
      0.9946104629194531,
      0.0018400754455273924,
      9.99999003545468e-07,
      0.0032286763567833483,
      0.0003197852792325564
    ],
    [
      2.5116548046454306e-05,
      0.5386692458620035,
      0.46130363759394966,
      9.99998000369646e-07,
      9.99998000369646e-07
    ],
    [
      0.6480180110901542,
      0.0315212462460611,
      0.2957738960912152,
      0.023249525997543694,
      0.0014373205750258236
    ],
    [
      0.003919651945953924,
      0.4366718160247729,
      9.999990000025948e-07,
      0.050231421904594134,
      0.5091761101256791
    ],
    [
      0.051924338095486404,
      9.99999002607708e-07,
      0.0005443005506448851,
      0.5417273555903401,
      0.40580300576452594
    ],
    [
      1.3566795055401565e-05,
      9.99999000001031e-07,
      6.877647854105396e-05,
      0.9802334810225649,
      0.01968317570483852
    ],
    [
      0.0069078854738575755,
      5.593997290173642e-05,
      0.423749229574785,
      0.46456335385585834,
      0.10472359112259734
    ],
    [
      0.03272020709933474,
      0.5859570556767204,
      9.999991486430514e-07,
      0.37576070440206627,
      0.005561032822729976
    ],
    [
      8.994946821239605e-05,
      0.06406793430311666,
      0.004321027870927453,
      0.8458761029857894,
      0.08564498537195409
    ],
    [
      0.0035206428963959033,
      0.6314208503579598,
      0.04272009732498025,
      0.32029082670894155,
      0.002047582711722628
    ],
    [
      0.0018710263505784606,
      0.00045881348975389616,
      0.003148852392316942,
      0.005600703773572938,
      0.9889206039937778
    ],
    [
      0.44981378587737986,
      0.0017392789866239502,
      0.5484449351399207,
      9.999980377874954e-07,
      9.999980377874954e-07
    ],
    [
      0.010164416179340455,
      9.999990030992291e-07,
      0.001011089115711461,
      0.9886596072124709,
      0.00016388749347399033
    ],
    [
      9.99998000308002e-07,
      9.99998000308002e-07,
      0.0028540571884592687,
      0.17512562208713017,
      0.82201832072841
    ],
    [
      9.999977657284255e-07,
      0.013459031461775406,
      9.999977657284255e-07,
      0.9865379685449275,
      9.999977657284255e-07
    ],
    [
      9.99998403942571e-07,
      4.332942962685537e-06,
      9.99998403942571e-07,
      0.9999918035488741,
      1.863511355410522e-06
    ],
    [
      0.36539181381121466,
      0.0034085332733707297,
      0.45632673250106637,
      0.16393365870023952,
      0.010939261714108913
    ],
    [
      9.999990000819154e-07,
      0.7852623052294453,
      0.006952564836976614,
      0.02725971721679031,
      0.18052441271778769
    ],
    [
      1.846517202945039e-05,
      9.999983092787012e-07,
      9.999983092787012e-07,
      0.1499762076942039,
      0.8500033271371482
    ],
    [
      0.030314676319876766,
      0.8635878862581899,
      2.8158972783374894e-06,
      9.99999030065531e-07,
      0.10609362152562485
    ],
    [
      0.04118458231848503,
      1.900835022118891e-05,
      0.046885466234923824,
      0.5213502105858187,
      0.39056073251055134
    ],
    [
      9.999983133438019e-07,
      0.9792902977354404,
      9.999983133438019e-07,
      0.02048191390801512,
      0.00022578835991775767
    ],
    [
      0.007026302856764956,
      0.0005489481697402719,
      0.9447218652314477,
      0.008755664685499365,
      0.03894721905654767
    ],
    [
      0.7470075321571118,
      0.0002118678033595412,
      0.23948428397500662,
      0.010999599678799597,
      0.0022967163857224695
    ],
    [
      0.0054754300369147255,
      0.005204409453652996,
      0.0016132427271572242,
      0.005245650118956949,
      0.9824612676633181
    ],
    [
      0.7528753784925245,
      5.679399516826018e-05,
      0.0001796331933355573,
      0.00034279316886726293,
      0.2465454011501044
    ],
    [
      0.27425088133448183,
      0.278875932040565,
      0.19624703594668574,
      0.2506251506789746,
      9.999992928945643e-07
    ],
    [
      0.03208677688423778,
      0.0004569365609258983,
      0.6114506313512085,
      0.10890126912569062,
      0.24710438607793722
    ],
    [
      9.999970608490604e-07,
      0.04522071161540782,
      0.9547762883934098,
      9.999970608490604e-07,
      9.999970608490604e-07
    ],
    [
      0.25141432552776094,
      9.999990000012878e-07,
      0.21072166874303366,
      0.003719328837772058,
      0.5341436768924334
    ],
    [
      0.03510661723789385,
      0.1868669767843795,
      0.006596730949785227,
      0.0012877092830198213,
      0.7701419657449216
    ],
    [
      0.5177794081490028,
      0.016277159529771414,
      0.002303476854441207,
      9.999990000010018e-07,
      0.4636389554677845
    ],
    [
      0.009979536143001353,
      9.999980075414205e-07,
      0.933229996806244,
      9.999980075414205e-07,
      0.05678846705473948
    ],
    [
      0.018292029011482122,
      6.977295689983578e-06,
      6.441549331521218e-06,
      0.9816935521443427,
      9.999991535756584e-07
    ],
    [
      0.0007304480196890793,
      2.248283384388337e-05,
      0.009074272455591524,
      9.999990000009998e-07,
      0.9901717966918755
    ],
    [
      0.3517871017362739,
      0.647983635931918,
      9.999990010007442e-07,
      7.605631322705914e-05,
      0.00015220601957984146
    ],
    [
      9.999991459460097e-07,
      3.736455893070473e-05,
      0.7480271709842293,
      0.21508572550421678,
      0.036848738953477206
    ],
    [
      0.045124673760447195,
      0.5005387016556169,
      0.4512513754668899,
      0.0030404591203281105,
      4.478999671792252e-05
    ],
    [
      0.00898647760274296,
      9.999990000017944e-07,
      0.5612545730386745,
      0.0005730842177724304,
      0.4291848651418101
    ],
    [
      1.5369391675176944e-06,
      0.9717223894766612,
      0.027593210525130616,
      2.6612384452792723e-05,
      0.0006562506745878114
    ],
    [
      0.0004114709251271468,
      0.030257466199653485,
      9.999987089207857e-07,
      9.999987089207857e-07,
      0.9693290628778016
    ],
    [
      4.071178690100435e-05,
      0.9597955795399565,
      0.037552296094437505,
      3.9309998773559415e-05,
      0.0025721025799315
    ],
    [
      0.014941666565974765,
      0.03913852071881638,
      9.999996571134654e-07,
      0.148386071225226,
      0.7975327414903257
    ],
    [
      0.010884428134089892,
      0.00023755998431537216,
      0.6803929849522843,
      0.26902792185271285,
      0.039457105076597665
    ],
    [
      0.0186542387918449,
      0.0002799928100117957,
      8.800186870760794e-05,
      0.9647466088848317,
      0.016231157644604068
    ],
    [
      0.9937538057074414,
      0.0008538669545457952,
      0.005390327341983648,
      9.999980146086683e-07,
      9.999980146086683e-07
    ],
    [
      1.259894325922181e-06,
      0.001178961103810318,
      9.999983274553426e-07,
      0.9988177790052091,
      9.999983274553426e-07
    ],
    [
      9.999990000135423e-07,
      0.16891298079482575,
      0.0010792482141819982,
      0.8255617317748567,
      0.004445039217135528
    ],
    [
      0.8978932957470156,
      9.999990000010011e-07,
      0.01287385493920317,
      0.08092732673137941,
      0.008304522583401794
    ],
    [
      0.18870916630639017,
      0.03250163040316721,
      0.0001700002674282559,
      0.774998395435366,
      0.0036208075876484123
    ],
    [
      0.0001202720434691639,
      9.999990287465296e-07,
      0.06356227279302148,
      0.608075291835599,
      0.32824116332888154
    ],
    [
      9.99998072688603e-07,
      9.99998072688603e-07,
      0.5254802809744069,
      0.47407003006575,
      0.000447688963697925
    ],
    [
      0.16307767296075734,
      0.4667082919093922,
      0.0034310279745795856,
      1.4462832403933727e-06,
      0.36678156087203034
    ],
    [
      0.9132808777409983,
      0.04518212169021625,
      0.00803658046737164,
      0.033499420102403504,
      9.999990103546503e-07
    ],
    [
      0.9529832870939239,
      4.168672775246166e-06,
      1.7475221137505935e-05,
      1.99535883939444e-06,
      0.04699307365332407
    ],
    [
      0.17455446855744408,
      0.058998574139062135,
      0.5959643802529107,
      0.17048157705158234,
      9.9999900087046e-07
    ],
    [
      1.8762969775010578e-05,
      0.8347619196442221,
      5.335149533503979e-05,
      0.16516496589091068,
      9.999997571966552e-07
    ],
    [
      0.055012842500307864,
      0.04278164326951489,
      0.4796458234474008,
      0.4225586907837764,
      9.999990002362372e-07
    ],
    [
      0.3166572089690699,
      0.028953070677321467,
      0.0321575721500554,
      0.6222193983161096,
      1.2749887443739908e-05
    ],
    [
      0.0018284487822911046,
      0.00021462001876738928,
      9.999985351204625e-07,
      9.999985351204625e-07,
      0.9979549312018713
    ],
    [
      0.9786426558018184,
      0.006752716913544549,
      5.074342655390637e-06,
      0.00013851618761617624,
      0.014461036754365502
    ],
    [
      0.3319525004060483,
      9.999990000113258e-07,
      0.6494307225607859,
      5.9940927094545895e-06,
      0.018609782941456234
    ],
    [
      1.420445689821428e-05,
      0.11191920737482411,
      1.145590884097098e-05,
      0.8880541322602585,
      9.999991783225592e-07
    ],
    [
      1.2502299470488961e-05,
      0.21447643276819067,
      2.011062598037692e-05,
      9.999997689030967e-07,
      0.7854899543065896
    ],
    [
      0.2738040067729385,
      0.7204155934771377,
      9.99999000001e-07,
      0.005328535855585206,
      0.0004508638953386249
    ],
    [
      0.06549255233675808,
      0.0013276194291075658,
      0.00011318692133035943,
      1.3306574570270963e-06,
      0.9330653106553469
    ],
    [
      0.0007790101915330799,
      3.203538461376987e-05,
      0.9507794165151384,
      8.067225156229618e-05,
      0.04832886565715245
    ],
    [
      0.0002880780175718681,
      0.004606797944791852,
      0.0005370389922958757,
      0.9942714712492507,
      0.0002966137960896997
    ],
    [
      0.8719125250988808,
      0.00020836126895225576,
      0.0009228474761903433,
      0.001404595287099646,
      0.12555167086887686
    ],
    [
      0.9977962890680737,
      0.00030855151753379317,
      0.00179204067036484,
      0.0001021187449898304,
      9.999990378768025e-07
    ],
    [
      0.008070805079258463,
      0.000627693201781801,
      0.3460512916371068,
      0.6452492100828487,
      9.999990042139518e-07
    ],
    [
      0.7462980442073014,
      0.1529537029213814,
      0.0021724050368907457,
      0.07761294238395548,
      0.02096290545047096
    ],
    [
      0.6150596518940501,
      0.2817445995785086,
      9.999984796438912e-07,
      0.10319374853048191,
      9.999984796438912e-07
    ],
    [
      0.0015171952718964962,
      0.9961826278067214,
      0.0022963218663263757,
      2.8550560547572708e-06,
      9.99999001083321e-07
    ],
    [
      2.167740041858456e-06,
      0.2776703341719319,
      0.024758808949364036,
      0.6720214279826682,
      0.025547261155994035
    ],
    [
      0.04603751851308615,
      0.07700160499219905,
      0.3912698862060616,
      0.10701328545096643,
      0.3786777048376868
    ],
    [
      9.999970222866418e-07,
      9.999970222866418e-07,
      0.0009734234849747345,
      0.9990235765239585,
      9.999970222866418e-07
    ],
    [
      0.046734695489765256,
      0.25588295749430034,
      0.49161500276440157,
      0.021657301903526865,
      0.184110042348006
    ],
    [
      3.138624074166932e-05,
      0.4721655735567138,
      0.00023779248381584632,
      0.5275642477197037,
      9.999990249883022e-07
    ],
    [
      0.0003077845783774686,
      9.99999002328998e-07,
      0.8359695113120786,
      0.0010527179194895716,
      0.16266898619105202
    ],
    [
      0.0017140924659037062,
      0.0036350460551936616,
      0.06931891614882436,
      6.338276867356804e-05,
      0.9252685625614047
    ],
    [
      0.5801127256376374,
      0.4194068274333431,
      0.0003529530632039893,
      0.00012649386681550616,
      9.99999000001e-07
    ],
    [
      0.0054171369305022156,
      9.072069772925092e-05,
      3.4855097234262436e-06,
      0.934706781223557,
      0.059781875638488184
    ],
    [
      6.169063718729758e-06,
      0.02255856700859874,
      0.9772581156421446,
      9.99999816525003e-07,
      0.00017614828572147545
    ],
    [
      9.999982462499913e-07,
      0.20396751460824064,
      3.902527948095472e-06,
      9.999982462499913e-07,
      0.7960265828673188
    ],
    [
      9.999980885902558e-07,
      0.00016231059243821509,
      9.999980885902558e-07,
      0.9966105013087346,
      0.0032251881026498547
    ],
    [
      0.8028749041493181,
      9.999990000013368e-07,
      0.007683004423559208,
      9.677608888038065e-06,
      0.1894314138192346
    ],
    [
      0.0013923266078635149,
      9.999980845190154e-07,
      9.999980845190154e-07,
      0.9985753270245419,
      3.034637142566321e-05
    ],
    [
      0.002237321573072991,
      0.9510368367361606,
      0.046723841694256106,
      9.999982552115171e-07,
      9.999982552115171e-07
    ],
    [
      0.7352898114351964,
      9.999990112169153e-07,
      0.0005166124695141167,
      0.2084117335373923,
      0.05578084255888572
    ],
    [
      2.4811590755825748e-05,
      0.41742779968838023,
      0.5808111151931543,
      0.00040483297586686365,
      0.0013314405518425802
    ],
    [
      0.010931115085561651,
      1.1882030808950735e-05,
      0.5457463907199539,
      1.2165984912583432e-05,
      0.44329844617876296
    ],
    [
      9.999990000470155e-07,
      6.916065348354842e-05,
      0.9985858555117646,
      0.0005928801544845844,
      0.0007511036812672594
    ],
    [
      9.99998003680871e-07,
      9.99998003680871e-07,
      0.6386674490302319,
      0.3361139043499417,
      0.0252166466238191
    ],
    [
      6.499717111329353e-05,
      0.004492478700578542,
      0.5402496779135113,
      0.12995609891032142,
      0.3252367473044753
    ],
    [
      0.01664789334025871,
      0.40707744192624,
      0.5762726647360393,
      9.999987310815804e-07,
      9.999987310815804e-07
    ],
    [
      0.45552640646030323,
      9.999990000010003e-07,
      0.14257039007132588,
      0.08764497299255303,
      0.31425723047681803
    ],
    [
      0.07026589342184018,
      4.7920538580657166e-06,
      9.999990464315805e-07,
      0.251411744988747,
      0.6783165695365083
    ],
    [
      0.6793286901667095,
      0.07751716759172195,
      0.004585677378185318,
      0.13876798034336182,
      0.09980048452002149
    ],
    [
      6.522534506541271e-05,
      0.6446716026998826,
      9.69705688966706e-06,
      0.35493561966630927,
      0.00031785523185319303
    ],
    [
      0.02178708720810463,
      0.6098263073884848,
      8.525765035526447e-06,
      5.404420365752559e-06,
      0.3683726752180094
    ],
    [
      0.00016034456466826688,
      1.8619651929407354e-06,
      1.5168455640646958e-05,
      0.9998216250154971,
      9.999990009518267e-07
    ],
    [
      0.8017539042185198,
      9.99998000018093e-07,
      9.99998000018093e-07,
      0.1981356278503892,
      0.00010846793509091327
    ],
    [
      0.2575178838326204,
      0.04628308622916967,
      0.5770930327173884,
      0.0026844090182150007,
      0.11642158820260667
    ],
    [
      2.3410812335926446e-05,
      0.10581474998433449,
      0.6338097038789148,
      0.13953259851183478,
      0.12081953681258008
    ],
    [
      0.8744190209337394,
      0.0012833612988713571,
      0.06350396344926536,
      9.999990000763887e-07,
      0.06079265431912387
    ],
    [
      0.9993048136739959,
      7.146690106157848e-05,
      0.000612700511010615,
      9.999990000009998e-07,
      1.0018914931775583e-05
    ],
    [
      7.014666992891978e-05,
      0.05255682680998738,
      0.009210459739591064,
      0.93119831478783,
      0.006964251992662701
    ],
    [
      0.5674906852351564,
      0.0009602379823022509,
      0.001677783677809993,
      0.08024378266866687,
      0.34962751043606444
    ],
    [
      9.999986818341487e-07,
      0.6995488166590271,
      9.999986818341487e-07,
      0.30021478751157865,
      0.00023439583203043796
    ],
    [
      0.9761935534475765,
      9.999980151753016e-07,
      0.0011986637102535545,
      0.022605782846139563,
      9.999980151753016e-07
    ],
    [
      9.999991301710257e-07,
      0.09257070277502552,
      0.4523178864951725,
      0.4497721885450175,
      0.005338222185654179
    ],
    [
      0.6086278518446155,
      0.013221260549228774,
      1.9296282187709556e-05,
      9.999990011744446e-07,
      0.3781305913249668
    ],
    [
      0.04009548991211045,
      0.8696244034429627,
      4.2752808578998496e-06,
      0.0902748313650683,
      9.999990008865408e-07
    ],
    [
      0.07906719180519821,
      0.17355404219338816,
      7.747757638750099e-05,
      9.999990000010003e-07,
      0.7473002884260262
    ],
    [
      0.03736107768883772,
      2.7215134348949893e-05,
      0.7599135622471985,
      0.05085600624590312,
      0.15184213868371177
    ],
    [
      9.999995682983475e-07,
      0.976575563033864,
      0.0001694018726185929,
      0.022910417890523775,
      0.00034361720342529755
    ],
    [
      0.4655948464429267,
      0.5182559136328366,
      9.999988229268814e-07,
      9.999988229268814e-07,
      0.016147239926590888
    ],
    [
      0.5525285486922311,
      1.1364200355767644e-06,
      0.014081273616360605,
      0.02001300917936657,
      0.4133760320920062
    ],
    [
      0.8867312082376133,
      0.08408726894856176,
      0.02464502019234423,
      3.7158671910137422e-06,
      0.004532786754289684
    ],
    [
      4.494986666226101e-06,
      0.0002467315633592243,
      0.02562154860704373,
      0.02724280771167114,
      0.9468844171312597
    ],
    [
      0.00015861408111355013,
      0.00022662032984467688,
      1.8943446534152178e-05,
      0.9995948221435077,
      9.99999000019595e-07
    ],
    [
      4.8724460717722913e-05,
      0.11968920748840144,
      9.999993635650945e-07,
      0.014814283185439764,
      0.8654467848660775
    ],
    [
      9.99999000025657e-07,
      0.2683916852502876,
      0.026981414771696573,
      0.6541490309550971,
      0.05047686902391872
    ],
    [
      0.0017126016108831355,
      9.999980000040015e-07,
      0.9954890963938328,
      9.999980000040015e-07,
      0.0027963019992839947
    ],
    [
      9.999990327754875e-07,
      0.12764040218537448,
      0.1819732297792936,
      1.4708836540624893e-05,
      0.6903706591997585
    ],
    [
      9.999986998020259e-07,
      9.999986998020259e-07,
      0.009955433884288392,
      0.9611516696417485,
      0.028890896476563444
    ],
    [
      0.2787275865337089,
      0.011200523279032993,
      0.06564395434261928,
      0.020267556026433285,
      0.6241603798182056
    ],
    [
      0.9937826671375701,
      9.99997003780116e-07,
      0.006214332871418678,
      9.99997003780116e-07,
      9.99997003780116e-07
    ],
    [
      0.0911582640817825,
      9.999988920438337e-07,
      4.820861618549711e-06,
      9.999988920438337e-07,
      0.908834915058815
    ],
    [
      0.04890711959081745,
      1.9454913323082287e-06,
      0.9158591499578148,
      9.999992958241851e-07,
      0.0352307849607396
    ],
    [
      0.00031996354642448626,
      0.005036066014318682,
      0.9444615888418699,
      0.04982825694349795,
      0.00035412465388897946
    ],
    [
      0.0016670477903708689,
      0.00098113915946546,
      0.00022211329849284756,
      0.9969689486744879,
      0.00016075107718291435
    ],
    [
      0.4160418249948373,
      0.001959874529592614,
      0.1634462603552584,
      0.41855104012131045,
      9.999990014280498e-07
    ],
    [
      0.004073410566339788,
      0.04537854723515544,
      0.17895076860820103,
      0.34132354364619394,
      0.43027372994410984
    ],
    [
      0.23338370483989962,
      0.014820431326096478,
      7.616648675749949e-05,
      0.06440326649276108,
      0.6873164308544853
    ],
    [
      9.999980004820114e-07,
      9.999980004820114e-07,
      0.0006726323645449069,
      0.16961728663840775,
      0.8297080810010464
    ],
    [
      0.01472882638829882,
      0.003779842368091556,
      0.67565575658494,
      0.00016004467179139736,
      0.30567552998687814
    ],
    [
      0.06818684790620284,
      0.27463258846544986,
      0.6571783574143043,
      1.2062150274571326e-06,
      9.999990155926477e-07
    ],
    [
      9.999980009493057e-07,
      2.591001752044184e-06,
      0.5689532212236917,
      0.43104218777855446,
      9.999980009493057e-07
    ],
    [
      0.005921625340881759,
      0.04271803584132303,
      0.0003738281535989354,
      2.8309146475896526e-05,
      0.9509582015177204
    ],
    [
      0.2520656611134968,
      0.47800723191053773,
      5.21586229731966e-05,
      5.708643241393295e-05,
      0.2698178619205784
    ],
    [
      0.4050087781128106,
      0.2966212688692223,
      0.27424596102234206,
      0.015783441815974856,
      0.008340550179650297
    ],
    [
      0.12345984278119934,
      0.616948847487629,
      0.007214038426059402,
      2.1870796718738253e-06,
      0.25237508422544036
    ],
    [
      0.0023760473782634215,
      9.99999268319006e-07,
      0.00036259809488928377,
      0.996856085312309,
      0.0004042692152701716
    ],
    [
      9.999991720513411e-07,
      0.28947599210686287,
      0.4659462151189613,
      0.24457352387843176,
      3.268896572074543e-06
    ],
    [
      0.00022771883611182376,
      0.3505092628316337,
      0.4395190333367869,
      0.20974298499646737,
      9.999990001877486e-07
    ],
    [
      9.999980337651898e-07,
      0.000771003916880327,
      0.10614563481246377,
      0.8930813612745884,
      9.999980337651898e-07
    ],
    [
      0.001738840080316764,
      0.47307992590501546,
      0.012478259331164983,
      0.5127019746844723,
      9.99999030666235e-07
    ],
    [
      0.1600645832321124,
      9.999970039461284e-07,
      9.999970039461284e-07,
      0.8399324167768758,
      9.999970039461284e-07
    ],
    [
      0.0003939865333575142,
      0.8791826917026684,
      0.0007726274573488929,
      9.758211525195939e-05,
      0.11955311219137339
    ],
    [
      9.999996391288968e-07,
      0.0644356127937617,
      0.0006683589407609791,
      0.8958216278044595,
      0.03907340046137883
    ],
    [
      4.261223637462017e-05,
      0.0005249510813090214,
      9.999990002900263e-07,
      0.9143917510936056,
      0.08503968558971034
    ],
    [
      0.01832754198181121,
      0.050962076251520286,
      0.08551952897116895,
      9.999991186749814e-07,
      0.8451898527963809
    ],
    [
      9.999990000010077e-07,
      0.1637180200471707,
      0.5752632849053971,
      0.24249907458310171,
      0.018518620465330544
    ],
    [
      9.999983606586453e-07,
      9.999983606586453e-07,
      0.8569156703678434,
      0.002677902784234006,
      0.14040442685120133
    ],
    [
      0.16544928841209097,
      9.999980000074112e-07,
      0.27982882481211335,
      9.999980000074112e-07,
      0.5547198867797958
    ],
    [
      0.00578615743938233,
      0.9039675631386729,
      9.99999000034333e-07,
      0.005455361395665819,
      0.08478991802727885
    ],
    [
      0.9869147875828435,
      9.999990000401203e-07,
      5.613283734717299e-05,
      0.013011578270903709,
      1.6501309905691207e-05
    ],
    [
      0.11078460948008004,
      9.999970148068058e-07,
      9.999970148068058e-07,
      0.8892123905288756,
      9.999970148068058e-07
    ],
    [
      9.999996372022725e-07,
      0.05642773404977772,
      0.7631913922579783,
      0.0022330246126899406,
      0.1781468490799169
    ],
    [
      0.5811306962629837,
      1.8378174431035285e-05,
      0.07215764722258142,
      0.34666591211694114,
      2.7366223062595642e-05
    ],
    [
      0.576172948967162,
      0.06268027469029093,
      0.006662575201861367,
      0.35445991911511593,
      2.428202556989087e-05
    ],
    [
      0.8700146964568167,
      0.03785310910451077,
      9.99999109272429e-07,
      0.0001430925485609285,
      0.09198810189100226
    ],
    [
      0.8777855934342149,
      1.2972973892038425e-06,
      0.04032516377496802,
      0.05113812719115032,
      0.030749818302277687
    ],
    [
      9.99999001051891e-07,
      0.0001052497347503005,
      0.9730664432947248,
      0.00013003260731898317,
      0.02669727436420489
    ],
    [
      5.8952585599485094e-06,
      0.3375685053250268,
      0.6378450745954886,
      0.0009895018458831518,
      0.023591022975041613
    ],
    [
      0.015180654256045305,
      0.1869529325342882,
      4.499555922441827e-05,
      0.002536344180694098,
      0.7952850734697481
    ],
    [
      0.04508640715939994,
      9.999980000219522e-07,
      9.999980000219522e-07,
      0.08520110211714273,
      0.8697104907274572
    ],
    [
      0.044625397873162935,
      0.9533055665006304,
      0.0018003124836323315,
      3.033339274045476e-06,
      0.0002656898033002986
    ],
    [
      9.999980033794568e-07,
      0.04069692480519002,
      0.03628919825025569,
      9.999980033794568e-07,
      0.9230118769485475
    ],
    [
      0.017735092184324144,
      0.01604030884173932,
      0.014869716105807795,
      0.9513538828691287,
      9.999990000011112e-07
    ],
    [
      9.999980051623468e-07,
      0.9953330274548792,
      0.004660887462117078,
      9.999980051623468e-07,
      4.085086993268959e-06
    ],
    [
      0.09584816893330333,
      0.018892355432794244,
      0.881663197464128,
      0.0035868925340944583,
      9.38563567984947e-06
    ],
    [
      9.999981432932501e-07,
      9.999981432932501e-07,
      0.04110384146157494,
      0.918404512036178,
      0.04048964650596031
    ],
    [
      0.2549703854538905,
      1.7076420949744972e-06,
      9.999981199355765e-07,
      9.999981199355765e-07,
      0.7450259069077746
    ],
    [
      0.0006587968108234569,
      9.99998000270241e-07,
      9.99998000270241e-07,
      0.00025023479524572724,
      0.9990889683979304
    ],
    [
      4.987638722080133e-06,
      0.43680538512850536,
      0.16506492407620107,
      9.999990001404316e-07,
      0.3981237031575714
    ],
    [
      1.9616966418910894e-06,
      0.9904733079687328,
      9.99999000001e-07,
      0.00950354357315815,
      2.0186762467217865e-05
    ],
    [
      9.999980000267261e-07,
      0.018972600670254303,
      9.999980000267261e-07,
      0.000783578388155937,
      0.9802418209455896
    ],
    [
      9.999984199364403e-07,
      9.999984199364403e-07,
      9.171419064159778e-06,
      0.568290397006977,
      0.43169843157711896
    ],
    [
      9.99999020461485e-07,
      0.0001867713671208855,
      0.012922707754809486,
      0.8379922070861472,
      0.14889731379290183
    ],
    [
      0.18048374609286744,
      0.7539851779847254,
