{
  "sample_file": "F03_RD14-0003-49_50_29-1;4;1-M3S30-0.09IP-Q2.9_002.5sec.fsa",
  "predicted_noc": 3,
  "noc_confidence": 1.0,
  "posterior_summary": {
    "Mx_1": {
      "mean": 0.33478471132741655,
      "std": 0.18656830056843346,
      "median": 0.3127312016972335,
      "mode": 0.24727546265537886,
      "credible_interval_95": [
        0.04725708075120397,
        0.7417074486393295
      ],
      "credible_interval_90": [
        0.06897848668424049,
        0.6823351185709587
      ],
      "hpdi_95": [
        0.018396656335048757,
        0.6900637985173261
      ],
      "min": 0.0027620042922978406,
      "max": 0.9038393786303187
    },
    "Mx_2": {
      "mean": 0.3316759941483719,
      "std": 0.18176119080420955,
      "median": 0.3127315197224264,
      "mode": 0.22235596696465393,
      "credible_interval_95": [
        0.04768747484487735,
        0.728535945113755
      ],
      "credible_interval_90": [
        0.07333452286477911,
        0.6618812857701386
      ],
      "hpdi_95": [
        0.02626009887403075,
        0.6768506492034844
      ],
      "min": 0.0034262456240457435,
      "max": 0.9505352575105896
    },
    "Mx_3": {
      "mean": 0.3335392945242116,
      "std": 0.18242806572503956,
      "median": 0.31342596661154254,
      "mode": 0.24546721382350856,
      "credible_interval_95": [
        0.04260693856651808,
        0.7184188864106131
      ],
      "credible_interval_90": [
        0.06881791536452314,
        0.6608802152250767
      ],
      "hpdi_95": [
        0.012778638741429567,
        0.6686747542856336
      ],
      "min": 0.0024867292015313914,
      "max": 0.8979148114195582
    },
    "model_quality": {
      "acceptance_rate": 1.0,
      "n_effective_samples": 3000,
      "converged": false,
      "final_step_size": 0.06655000000000001
    },
    "contributor_ranking": [
      [
        1,
        0.33478471132741655
      ],
      [
        3,
        0.3335392945242116
      ],
      [
        2,
        0.3316759941483719
      ]
    ]
  },
  "convergence_diagnostics": {
    "effective_sample_size": [
      679.4219631549194,
      689.3590521206213,
      582.8702498295698
    ],
    "min_ess": 582.8702498295698,
    "geweke_scores": [
      0.21100182959893854,
      0.10681462146528146,
      0.11853743121937606
    ],
    "max_geweke": 0.21100182959893854,
    "convergence_status": "Good",
    "convergence_issues": [],
    "true_value_bias": {
      "max_bias": 0.668324005851628,
      "mean_bias": 0.6666666666666669,
      "bias_per_component": [
        0.6652152886725842,
        0.668324005851628,
        0.6664607054757883
      ],
      "acceptable": false
    }
  },
  "computation_time": 1.6732869148254395,
  "timestamp": "2025-06-09 20:09:08",
  "true_contributor_ids": [
    "0003"
  ],
  "true_mixture_ratios": [
    1.0
  ],
  "sample_mixture_ratios": [
    [
      0.6283960863554103,
      0.03284753706343661,
      0.33875637658115315
    ],
    [
      0.37257414529930144,
      0.2134790008930412,
      0.41394685380765733
    ],
    [
      0.5046161358098271,
      0.18582583769008545,
      0.3095580265000874
    ],
    [
      0.20137333019412665,
      0.25995904184064367,
      0.5386676279652297
    ],
    [
      0.27213149128019276,
      0.15897898734267216,
      0.5688895213771351
    ],
    [
      0.3351239270559984,
      0.20004487100324872,
      0.46483120194075284
    ],
    [
      0.20360064138285433,
      0.03729893435486845,
      0.7591004242622772
    ],
    [
      0.011987597999959874,
      0.5136803664401429,
      0.4743320355598973
    ],
    [
      0.35777870655791266,
      0.26861424335446804,
      0.37360705008761935
    ],
    [
      0.17857628465697947,
      0.33091027526649275,
      0.4905134400765277
    ],
    [
      0.1746205455394292,
      0.5859258674223804,
      0.2394535870381903
    ],
    [
      0.28664115410422586,
      0.3395905958625871,
      0.373768250033187
    ],
    [
      0.42412526217872715,
      0.4617095318417753,
      0.11416520597949759
    ],
    [
      0.2714179543599213,
      0.5814660224721815,
      0.14711602316789726
    ],
    [
      0.4954142469621447,
      0.15194607155032985,
      0.3526396814875255
    ],
    [
      0.09087019270047515,
      0.3243568754361608,
      0.584772931863364
    ],
    [
      0.23492063978976727,
      0.5038067798299922,
      0.2612725803802406
    ],
    [
      0.4814982347583825,
      0.13991610151239395,
      0.3785856637292236
    ],
    [
      0.06790786965423522,
      0.6396929469794369,
      0.2923991833663279
    ],
    [
      0.16388836855282587,
      0.49649239938922624,
      0.3396192320579478
    ],
    [
      0.20144232122521671,
      0.2467542874431139,
      0.5518033913316694
    ],
    [
      0.26744229899472205,
      0.5678301116950409,
      0.16472758931023698
    ],
    [
      0.622949298820604,
      0.1370276422772318,
      0.2400230589021643
    ],
    [
      0.3201794694970384,
      0.14047690765231619,
      0.5393436228506455
    ],
    [
      0.4280501713395775,
      0.23493104951133872,
      0.33701877914908385
    ],
    [
      0.3699275089925956,
      0.24887064387069813,
      0.3812018471367062
    ],
    [
      0.3420389410916117,
      0.289318707178359,
      0.36864235173002935
    ],
    [
      0.2827458369985783,
      0.364466095043099,
      0.3527880679583227
    ],
    [
      0.05791756537310281,
      0.334248376201742,
      0.6078340584251553
    ],
    [
      0.47457970822292267,
      0.4243563004261205,
      0.10106399135095692
    ],
    [
      0.2949088100439721,
      0.5293192876508965,
      0.17577190230513134
    ],
    [
      0.22968478243939605,
      0.4923673876917657,
      0.2779478298688382
    ],
    [
      0.09766309247467465,
      0.6293336023129943,
      0.2730033052123311
    ],
    [
      0.3860026543559413,
      0.31686835164457433,
      0.29712899399948434
    ],
    [
      0.2218382285682508,
      0.04690258349499641,
      0.7312591879367528
    ],
    [
      0.11318928699638713,
      0.32303786989356764,
      0.5637728431100453
    ],
    [
      0.686892583014054,
      0.02159684350492744,
      0.29151057348101866
    ],
    [
      0.5072133621939885,
      0.19500991810057905,
      0.29777671970543257
    ],
    [
      0.11934785602516462,
      0.45464310967641897,
      0.42600903429841647
    ],
    [
      0.3239434170877506,
      0.3835600045881636,
      0.29249657832408593
    ],
    [
      0.2650787959834421,
      0.1527971951864621,
      0.5821240088300959
    ],
    [
      0.14521679746155144,
      0.6240047137001694,
      0.2307784888382791
    ],
    [
      0.1827954000405873,
      0.7041619358931326,
      0.11304266406628005
    ],
    [
      0.3853205254303756,
      0.3471379502097933,
      0.26754152435983114
    ],
    [
      0.7366002595845522,
      0.16170995419800932,
      0.10168978621743843
    ],
    [
      0.36109904908631635,
      0.32310321106800644,
      0.31579773984567727
    ],
    [
      0.40362996482649366,
      0.13017243690915908,
      0.4661975982643473
    ],
    [
      0.7705004246655758,
      0.14042851522931707,
      0.08907106010510711
    ],
    [
      0.3194520288626379,
      0.32389675398192697,
      0.3566512171554351
    ],
    [
      0.3930956446947596,
      0.33727940899809095,
      0.26962494630714956
    ],
    [
      0.5322704115319233,
      0.13631224121720636,
      0.33141734725087035
    ],
    [
      0.19109922102706495,
      0.22597340026964088,
      0.5829273787032943
    ],
    [
      0.19854985256210814,
      0.14850476684365072,
      0.6529453805942411
    ],
    [
      0.0482403384735703,
      0.40336126315391385,
      0.5483983983725159
    ],
    [
      0.48496737997385553,
      0.2787486141948218,
      0.2362840058313226
    ],
    [
      0.354720261328713,
      0.10998601623219109,
      0.5352937224390959
    ],
    [
      0.5109039015053396,
      0.16983727587192374,
      0.3192588226227368
    ],
    [
      0.15919406270987055,
      0.32163394898107334,
      0.5191719883090561
    ],
    [
      0.07226974380123016,
      0.46959687709147835,
      0.45813337910729157
    ],
    [
      0.333166879638511,
      0.4222919738138848,
      0.24454114654760434
    ],
    [
      0.03731102347470563,
      0.5548852264376318,
      0.4078037500876626
    ],
    [
      0.3995625065515225,
      0.1856885942273962,
      0.41474889922108127
    ],
    [
      0.12635693706185727,
      0.6527026091338471,
      0.22094045380429547
    ],
    [
      0.031164468975252182,
      0.3118196715510948,
      0.657015859473653
    ],
    [
      0.352311171303588,
      0.4199934157954426,
      0.22769541290096937
    ],
    [
      0.5996600055001686,
      0.34482653708994393,
      0.0555134574098875
    ],
    [
      0.5494250026773072,
      0.1835711956256002,
      0.2670038016970926
    ],
    [
      0.4999897082636038,
      0.26879056713139154,
      0.23121972460500476
    ],
    [
      0.6147775100906183,
      0.22388288984113552,
      0.16133960006824621
    ],
    [
      0.15011226443010528,
      0.7078710098080961,
      0.14201672576179863
    ],
    [
      0.015813712013564133,
      0.6433060461838905,
      0.34088024180254534
    ],
    [
      0.5136758816791416,
      0.13425461206190137,
      0.3520695062589571
    ],
    [
      0.5244513192844359,
      0.26717414518650806,
      0.208374535529056
    ],
    [
      0.36352356925720347,
      0.07885849839064983,
      0.5576179323521466
    ],
    [
      0.7280230104415583,
      0.10690081061568704,
      0.16507617894275473
    ],
    [
      0.08528699771841161,
      0.24005048151285277,
      0.6746625207687356
    ],
    [
      0.5335303305920548,
      0.14784964736464232,
      0.3186200220433028
    ],
    [
      0.14273731916172566,
      0.691714425238212,
      0.1655482556000624
    ],
    [
      0.45650709929384053,
      0.41944157004095245,
      0.12405133066520704
    ],
    [
      0.07228501282000435,
      0.2416269669987717,
      0.6860880201812241
    ],
    [
      0.31872052493742037,
      0.2851044688574365,
      0.39617500620514323
    ],
    [
      0.6888371495898796,
      0.14327205654988678,
      0.16789079386023362
    ],
    [
      0.20468994293879253,
      0.5232342966410591,
      0.2720757604201483
    ],
    [
      0.3137291648021042,
      0.31014422270181546,
      0.37612661249608026
    ],
    [
      0.41815184114878917,
      0.23696748104062332,
      0.34488067781058757
    ],
    [
      0.1250696361908327,
      0.47080770496947494,
      0.4041226588396924
    ],
    [
      0.4854438750330278,
      0.24129455243904974,
      0.2732615725279224
    ],
    [
      0.30489856686029876,
      0.23095096018639885,
      0.46415047295330236
    ],
    [
      0.17819956634805242,
      0.27880968110335713,
      0.5429907525485904
    ],
    [
      0.13323279671171703,
      0.6105098967314275,
      0.25625730655685536
    ],
    [
      0.06854047270617565,
      0.6875523380860358,
      0.24390718920778853
    ],
    [
      0.16926777529714881,
      0.676052946392476,
      0.15467927831037515
    ],
    [
      0.3286172525495019,
      0.09299098268146269,
      0.5783917647690355
    ],
    [
      0.4864317164510746,
      0.08207901796855656,
      0.43148926558036876
    ],
    [
      0.6416279469836117,
      0.19695688144052906,
      0.16141517157585927
    ],
    [
      0.28890123776895227,
      0.5267986942549475,
      0.18430006797610016
    ],
    [
      0.45086823282965766,
      0.3176213451690201,
      0.23151042200132227
    ],
    [
      0.518972637529769,
      0.10622981201263323,
      0.3747975504575979
    ],
    [
      0.39399204963529216,
      0.3580289025664236,
      0.24797904779828417
    ],
    [
      0.6292087107508203,
      0.2387007489072588,
      0.13209054034192097
    ],
    [
      0.3221235383515991,
      0.4933995398660088,
      0.18447692178239206
    ],
    [
      0.4058544887287362,
      0.04935454268945466,
      0.5447909685818091
    ],
    [
      0.5450463883792007,
      0.28554397137541604,
      0.1694096402453834
    ],
    [
      0.2110333118986893,
      0.20535741092109,
      0.5836092771802207
    ],
    [
      0.2111851459759929,
      0.20788429661186436,
      0.5809305574121427
    ],
    [
      0.08915494727232058,
      0.11116116400986903,
      0.7996838887178105
    ],
    [
      0.1845878392512393,
      0.6328336108569389,
      0.1825785498918217
    ],
    [
      0.4930843207280022,
      0.18509186123431778,
      0.32182381803768007
    ],
    [
      0.19464646142942177,
      0.4192217971012637,
      0.38613174146931456
    ],
    [
      0.4470144178298556,
      0.1825241737514744,
      0.37046140841867004
    ],
    [
      0.4693043919880962,
      0.4188147302507953,
      0.11188087776110858
    ],
    [
      0.31026481544895984,
      0.4056579165910668,
      0.2840772679599734
    ],
    [
      0.17507264480914578,
      0.3780436820065135,
      0.4468836731843407
    ],
    [
      0.43727291769787935,
      0.2986381769606446,
      0.26408890534147605
    ],
    [
      0.46346406261917084,
      0.347205879530516,
      0.18933005785031318
    ],
    [
      0.6255970916431899,
      0.34380780995349886,
      0.03059509840331133
    ],
    [
      0.6723153252203552,
      0.20191469147806868,
      0.12576998330157615
    ],
    [
      0.4557289435874905,
      0.32824746225096585,
      0.21602359416154374
    ],
    [
      0.04597363006013878,
      0.6782922923366941,
      0.2757340776031671
    ],
    [
      0.3484323760959434,
      0.3299770782122282,
      0.3215905456918284
    ],
    [
      0.2155295219213354,
      0.5078864297605262,
      0.2765840483181385
    ],
    [
      0.2718937184050975,
      0.3278998087232229,
      0.4002064728716797
    ],
    [
      0.1701670749690346,
      0.06591462395359422,
      0.7639183010773711
    ],
    [
      0.34748187306926887,
      0.2704399593719461,
      0.3820781675587851
    ],
    [
      0.5442741660515149,
      0.21947046314337768,
      0.23625537080510736
    ],
    [
      0.18579764662255366,
      0.37945402247460225,
      0.43474833090284415
    ],
    [
      0.6456725083624244,
      0.09552700415813048,
      0.25880048747944523
    ],
    [
      0.2504439063990427,
      0.25427732613627296,
      0.4952787674646844
    ],
    [
      0.2537037500634459,
      0.48527761400266095,
      0.2610186359338931
    ],
    [
      0.2836468321064292,
      0.28750407357410024,
      0.42884909431947066
    ],
    [
      0.12412322311142289,
      0.47181257251651754,
      0.4040642043720597
    ],
    [
      0.09673115129592269,
      0.7936934191872369,
      0.10957542951684043
    ],
    [
      0.18315485182159205,
      0.5619076772092874,
      0.2549374709691206
    ],
    [
      0.21681835263864704,
      0.15569753392588667,
      0.6274841134354663
    ],
    [
      0.3227215817888054,
      0.4627134866152321,
      0.21456493159596257
    ],
    [
      0.5712940848263368,
      0.2458403992667957,
      0.1828655159068675
    ],
    [
      0.3182919412667626,
      0.41598261398273717,
      0.2657254447505002
    ],
    [
      0.09003776041659778,
      0.4772053564162626,
      0.4327568831671395
    ],
    [
      0.341653910510941,
      0.5274064470758864,
      0.13093964241317266
    ],
    [
      0.27038938797678475,
      0.41570414345020906,
      0.3139064685730062
    ],
    [
      0.1528259926657147,
      0.3838020285466165,
      0.46337197878766884
    ],
    [
      0.048147639048587175,
      0.6039821161591683,
      0.3478702447922446
    ],
    [
      0.09415375980607284,
      0.34861281537645505,
      0.5572334248174721
    ],
    [
      0.570290597092718,
      0.3895554882530853,
      0.040153914654196744
    ],
    [
      0.4826923670108531,
      0.09101278603100768,
      0.42629484695813924
    ],
    [
      0.2357547598534476,
      0.3746974477607956,
      0.3895477923857568
    ],
    [
      0.3421102000845438,
      0.2706329927478685,
      0.3872568071675877
    ],
    [
      0.34558946551319575,
      0.22735686899109006,
      0.42705366549571416
    ],
    [
      0.33438400630413034,
      0.19320979039740505,
      0.47240620329846456
    ],
    [
      0.18008567712006202,
      0.5552162577378078,
      0.2646980651421303
    ],
    [
      0.04265207831224811,
      0.6840007352070019,
      0.27334718648075
    ],
    [
      0.2820536027844549,
      0.13241557940371929,
      0.5855308178118258
    ],
    [
      0.1390917084032166,
      0.5812888092717209,
      0.27961948232506245
    ],
    [
      0.33919347236259145,
      0.5303488738400485,
      0.13045765379736005
    ],
    [
      0.5338832726530413,
      0.30138562003750136,
      0.16473110730945742
    ],
    [
      0.517564301798781,
      0.09583521113506452,
      0.38660048706615446
    ],
    [
      0.34862181003045706,
      0.588700721580196,
      0.06267746838934697
    ],
    [
      0.36692624430329757,
      0.22056600097910495,
      0.4125077547175975
    ],
    [
      0.2699077213744028,
      0.6524027813565807,
      0.07768949726901664
    ],
    [
      0.634467926109873,
      0.11253110425832978,
      0.25300096963179725
    ],
    [
      0.477137682474951,
      0.07739229196117962,
      0.44547002556386944
    ],
    [
      0.6623469459017457,
      0.27658840104953397,
      0.06106465304872028
    ],
    [
      0.3891616309070224,
      0.2915029382318091,
      0.31933543086116856
    ],
    [
      0.039552412690464236,
      0.6672279316673774,
      0.2932196556421584
    ],
    [
      0.3295011144429826,
      0.5469300172076992,
      0.12356886834931821
    ],
    [
      0.5704770378323498,
      0.1699327817751808,
      0.2595901803924694
    ],
    [
      0.17868489912735472,
      0.33122120888978057,
      0.4900938919828647
    ],
    [
      0.08138856005450647,
      0.07204088423582847,
      0.8465705557096651
    ],
    [
      0.46883954450215143,
      0.12508898256673212,
      0.40607147293111645
    ],
    [
      0.12574170307974156,
      0.48803321671557587,
      0.3862250802046826
    ],
    [
      0.1982118031005151,
      0.47267241418459216,
      0.32911578271489283
    ],
    [
      0.09101410930138523,
      0.27672313337209015,
      0.6322627573265246
    ],
    [
      0.21995946472085975,
      0.23026658583399998,
      0.5497739494451404
    ],
    [
      0.4297321347341312,
      0.4229814490906517,
      0.1472864161752171
    ],
    [
      0.05253455917063466,
      0.21332573631449403,
      0.7341397045148713
    ],
    [
      0.2190700308729006,
      0.21362361743730873,
      0.5673063516897906
    ],
    [
      0.2600704794884995,
      0.3325623550978236,
      0.407367165413677
    ],
    [
      0.1546742556178927,
      0.6279320232597483,
      0.2173937211223591
    ],
    [
      0.1641576397205096,
      0.6185707664497744,
      0.21727159382971614
    ],
    [
      0.35195995868037355,
      0.3490715525492278,
      0.2989684887703987
    ],
    [
      0.4002273700105001,
      0.4151544961010004,
      0.1846181338884995
    ],
    [
      0.4373921425140161,
      0.24093347610902627,
      0.32167438137695764
    ],
    [
      0.4379505882876739,
      0.20411726195352012,
      0.3579321497588059
    ],
    [
      0.16749752387856046,
      0.45762268753286023,
      0.3748797885885793
    ],
    [
      0.32719921082239756,
      0.08990253533879801,
      0.5828982538388046
    ],
    [
      0.5207992989212096,
      0.2742709107688761,
      0.2049297903099144
    ],
    [
      0.08409597157119111,
      0.392436421704573,
      0.523467606724236
    ],
    [
      0.30564659554983986,
      0.3619238745629812,
      0.332429529887179
    ],
    [
      0.2678325220810869,
      0.46362808920283693,
      0.26853938871607613
    ],
    [
      0.4798819188764982,
      0.5071702301986779,
      0.01294785092482392
    ],
    [
      0.4427864556585835,
      0.35057613946744265,
      0.2066374048739738
    ],
    [
      0.48068137072677974,
      0.2326747635321548,
      0.2866438657410654
    ],
    [
      0.19713971048095388,
      0.3435237599265127,
      0.4593365295925335
    ],
    [
      0.24168972279402243,
      0.4977603228231016,
      0.2605499543828759
    ],
    [
      0.24320012475850575,
      0.31944349770950387,
      0.43735637753199036
    ],
    [
      0.2899974316805996,
      0.2708451951481665,
      0.4391573731712339
    ],
    [
      0.2320351394698469,
      0.6383808504554407,
      0.12958401007471237
    ],
    [
      0.36300436035882516,
      0.15932944371434593,
      0.47766619592682896
    ],
    [
      0.2271687174724271,
      0.2035881653528421,
      0.5692431171747309
    ],
    [
      0.5985295081579873,
      0.31500920993578585,
      0.08646128190622684
    ],
    [
      0.4972075393616946,
      0.1332760770008712,
      0.36951638363743416
    ],
    [
      0.2982088513707615,
      0.3502912688240301,
      0.3514998798052084
    ],
    [
      0.16189697610862988,
      0.6034081109727365,
      0.2346949129186337
    ],
    [
      0.15979793032168632,
      0.33412898198592056,
      0.5060730876923931
    ],
    [
      0.49032400248494556,
      0.16441735751374684,
      0.3452586400013077
    ],
    [
      0.38747044559636556,
      0.4796539024703882,
      0.13287565193324624
    ],
    [
      0.32718998292679113,
      0.5291473286303308,
      0.14366268844287805
    ],
    [
      0.09739393744130237,
      0.09732527561691603,
      0.8052807869417816
    ],
    [
      0.16580414037791305,
      0.45035906230554784,
      0.383836797316539
    ],
    [
      0.5516013974135343,
      0.3403375364656531,
      0.10806106612081251
    ],
    [
      0.5163309192373113,
      0.20066284950798,
      0.2830062312547087
    ],
    [
      0.5003065062373641,
      0.3514497625175385,
      0.14824373124509752
    ],
    [
      0.33560895689611103,
      0.24138250541698786,
      0.4230085376869011
    ],
    [
      0.10892650040169526,
      0.3838195133026843,
      0.5072539862956205
    ],
    [
      0.47437670092187134,
      0.26184369707041183,
      0.26377960200771683
    ],
    [
      0.3671718665962948,
      0.2758731923953383,
      0.35695494100836694
    ],
    [
      0.3193285496072037,
      0.525175242348285,
      0.15549620804451122
    ],
    [
      0.36782250857221954,
      0.29408974600884347,
      0.33808774541893716
    ],
    [
      0.7063003337153793,
      0.1187592338108536,
      0.17494043247376723
    ],
    [
      0.15594368512483012,
      0.5773607264805918,
      0.2666955883945781
    ],
    [
      0.7994577703376488,
      0.08370459507812897,
      0.11683763458422236
    ],
    [
      0.6820090070054059,
      0.05007831904373184,
      0.2679126739508623
    ],
    [
      0.37578786631095445,
      0.4485047745311029,
      0.17570735915794275
    ],
    [
      0.14491570432528356,
      0.6643970417564303,
      0.19068725391828611
    ],
    [
      0.09413853865806049,
      0.3486558681021985,
      0.557205593239741
    ],
    [
      0.029258929156874017,
      0.4576502478919534,
      0.5130908229511726
    ],
    [
      0.03611864934579113,
      0.3607854405460667,
      0.6030959101081422
    ],
    [
      0.07560621098632221,
      0.6571888871803123,
      0.26720490183336554
    ],
    [
      0.899623315094755,
      0.04994209028641091,
      0.050434594618834074
    ],
    [
      0.2574523241930019,
      0.3636223072749809,
      0.37892536853201725
    ],
    [
      0.3416994692502191,
      0.13243981088696688,
      0.525860719862814
    ],
    [
      0.6643833524826392,
      0.169908981518541,
      0.1657076659988197
    ],
    [
      0.5356709951530567,
      0.32557814179368,
      0.13875086305326323
    ],
    [
      0.29873991256120297,
      0.3979360738700919,
      0.30332401356870525
    ],
    [
      0.07486802755196897,
      0.8300978227407364,
      0.09503414970729457
    ],
    [
      0.7046159018227085,
      0.11153645064885181,
      0.18384764752843977
    ],
    [
      0.4389185519256205,
      0.3262023247576209,
      0.2348791233167585
    ],
    [
      0.4064523521139413,
      0.13876951702311194,
      0.45477813086294666
    ],
    [
      0.6142665245706223,
      0.037837642214145505,
      0.34789583321523226
    ],
    [
      0.7477623960744949,
      0.1564803649871476,
      0.09575723893835755
    ],
    [
      0.21855973565794704,
      0.6081320209554467,
      0.1733082433866063
    ],
    [
      0.055440914957348944,
      0.8480624025274394,
      0.09649668251521169
    ],
    [
      0.408521212356977,
      0.058762967861487415,
      0.5327158197815356
    ],
    [
      0.11180137678372065,
      0.7464514307479861,
      0.14174719246829323
    ],
    [
      0.3360863429973464,
      0.21270242031501266,
      0.451211236687641
    ],
    [
      0.17626030609841442,
      0.24981701131857179,
      0.5739226825830138
    ],
    [
      0.08749046265379598,
      0.23345384525638188,
      0.6790556920898222
    ],
    [
      0.48247128723851024,
      0.21610431000949326,
      0.30142440275199656
    ],
    [
      0.48392286347140623,
      0.3483697464165742,
      0.1677073901120196
    ],
    [
      0.6900637985173261,
      0.17937492549536552,
      0.1305612759873084
    ],
    [
      0.3001846823533294,
      0.4653195153212958,
      0.23449580232537492
    ],
    [
      0.6037679366633029,
      0.20528302743698454,
      0.19094903589971257
    ],
    [
      0.3363037164924274,
      0.5263711309422533,
      0.1373251525653194
    ],
    [
      0.2664136391944892,
      0.18483671042808086,
      0.5487496503774301
    ],
    [
      0.04828948484709716,
      0.5277396240773976,
      0.4239708910755052
    ],
    [
      0.4511306380758379,
      0.35162970439451957,
      0.1972396575296425
    ],
    [
      0.5628014450047154,
      0.2664222614362008,
      0.17077629355908377
    ],
    [
      0.22073299610712963,
      0.3507277678775797,
      0.4285392360152906
    ],
    [
      0.10134527220410983,
      0.5238546495712316,
      0.37480007822465866
    ],
    [
      0.36333592842143236,
      0.3833257151714855,
      0.25333835640708224
    ],
    [
      0.15352569313686246,
      0.43907162187607895,
      0.4074026849870586
    ],
    [
      0.1122306002466005,
      0.7839588661038662,
      0.10381053364953308
    ],
    [
      0.25344168918349425,
      0.053502308927199295,
      0.6930560018893064
    ],
    [
      0.4016671919863109,
      0.3730409678933185,
      0.22529184012037062
    ],
    [
      0.34530786196422036,
      0.0928549935724788,
      0.5618371444633008
    ],
    [
      0.05400175483264791,
      0.4208385432148644,
      0.5251597019524877
    ],
    [
      0.4423528367547719,
      0.248547817374128,
      0.3090993458711002
    ],
    [
      0.4756398411297348,
      0.11740452539607656,
      0.4069556334741887
    ],
    [
      0.2590195724107413,
      0.4102412472505193,
      0.33073918033873934
    ],
    [
      0.35126831043103574,
      0.1753301021617654,
      0.4734015874071988
    ],
    [
      0.19413778156717398,
      0.5991699911251466,
      0.2066922273076795
    ],
    [
      0.3231487862330555,
      0.46673659291457237,
      0.21011462085237223
    ],
    [
      0.1683852611877192,
      0.20369349154775704,
      0.6279212472645237
    ],
    [
      0.3727638215578578,
      0.30094035000066854,
      0.32629582844147365
    ],
    [
      0.7120524505449629,
      0.11068880234829179,
      0.17725874710674533
    ],
    [
      0.14761331638295608,
      0.8012422555596039,
      0.05114442805744002
    ],
    [
      0.31470357256047665,
      0.46917748096570716,
      0.2161189464738162
    ],
    [
      0.2287120293036381,
      0.1657087537128096,
      0.6055792169835523
    ],
    [
      0.6425349101021368,
      0.07084203714819201,
      0.28662305274967126
    ],
    [
      0.30298862339212207,
      0.6530123822219822,
      0.043998994385895794
    ],
    [
      0.27651548784628943,
      0.5653304561406969,
      0.1581540560130138
    ],
    [
      0.188138972163429,
      0.29133256039274263,
      0.5205284674438284
    ],
    [
      0.06483405688910673,
      0.5826292618203807,
      0.35253668129051263
    ],
    [
      0.4176593141992237,
      0.170983375427695,
      0.4113573103730814
    ],
    [
      0.4264233851088461,
      0.2985108191389006,
      0.2750657957522533
    ],
    [
      0.4287718637194833,
      0.36041635931521787,
      0.21081177696529885
    ],
    [
      0.5170670116468804,
      0.4067836028091816,
      0.07614938554393803
    ],
    [
      0.3219902743538983,
      0.3557770514852158,
      0.3222326741608859
    ],
    [
      0.2995484667824693,
      0.30958127721839435,
      0.39087025599913633
    ],
    [
      0.3127093979732928,
      0.15321268241494082,
      0.5340779196117664
    ],
    [
      0.7575159371855942,
      0.18422535284286812,
      0.058258709971537724
    ],
    [
      0.11882514205924616,
      0.44456568170469707,
      0.43660917623605683
    ],
    [
      0.44952429345754485,
      0.17859422206821907,
      0.371881484474236
    ],
    [
      0.25840261212228394,
      0.24690147123102332,
      0.4946959166466927
    ],
    [
      0.6016841893554874,
      0.1836452227565434,
      0.2146705878879692
    ],
    [
      0.15308637910963255,
      0.11247176788972914,
      0.7344418530006384
    ],
    [
      0.19165341975990874,
      0.4381390327947305,
      0.37020754744536083
    ],
    [
      0.35641558457737277,
      0.05252755310270462,
      0.5910568623199227
    ],
    [
      0.3068582969762648,
      0.26851021255600427,
      0.4246314904677308
    ],
    [
      0.5957296028317786,
      0.13937712465278912,
      0.2648932725154324
    ],
    [
      0.259702460224947,
      0.2770720348794615,
      0.4632255048955915
    ],
    [
      0.19361203537698757,
      0.19785298172217744,
      0.608534982900835
    ],
    [
      0.1070338200653669,
      0.4413028102562551,
      0.4516633696783779
    ],
    [
      0.349630876850394,
      0.3414243936570364,
      0.30894472949256957
    ],
    [
      0.5321656696995573,
      0.09868305261441754,
      0.3691512776860252
    ],
    [
      0.21323951317665019,
      0.29808795777981684,
      0.4886725290435329
    ],
    [
      0.3334012497278063,
      0.33346902640838766,
      0.33312972386380607
    ],
    [
      0.2625259926857997,
      0.38579040234048567,
      0.3516836049737147
    ],
    [
      0.4843772294024141,
      0.2938153510642399,
      0.22180741953334596
    ],
    [
      0.2142597157740538,
      0.3643238756930895,
      0.4214164085328566
    ],
    [
      0.27655412971718607,
      0.407468619633689,
      0.3159772506491249
    ],
    [
      0.34840581570882434,
      0.20123711087226676,
      0.4503570734189089
    ],
    [
      0.27517160497258475,
      0.14911233757246034,
      0.5757160574549549
    ],
    [
      0.1198193582782909,
      0.4207378520539023,
      0.4594427896678068
    ],
    [
      0.710101814758975,
      0.2404773911270284,
      0.04942079411399654
    ],
    [
      0.4637256844167866,
      0.44183096397889865,
      0.09444335160431477
    ],
    [
      0.39288603823549745,
      0.18036834762977028,
      0.4267456141347323
    ],
    [
      0.15502393454182326,
      0.6562737327160164,
      0.18870233274216033
    ],
    [
      0.5325361880160363,
      0.056111777966409614,
      0.4113520340175541
    ],
    [
      0.3029097978374278,
      0.46859072235879284,
      0.2284994798037795
    ],
    [
      0.2789142623566874,
      0.2211510256908073,
      0.49993471195250533
    ],
    [
      0.10278137992177805,
      0.49934019306881283,
      0.3978784270094091
    ],
    [
      0.21519414653512556,
      0.343638681023145,
      0.44116717244172954
    ],
    [
      0.1371972190480873,
      0.6172654249186128,
      0.24553735603329996
    ],
    [
      0.4028961617058394,
      0.3034444372856206,
      0.29365940100854
    ],
    [
      0.21118684368593266,
      0.4126151666683595,
      0.3761979896457079
    ],
    [
      0.10305697429724797,
      0.3762936333474799,
      0.5206493923552722
    ],
    [
      0.2508544419462001,
      0.4766059705324256,
      0.2725395875213744
    ],
    [
      0.13723927561108532,
      0.4801364704130512,
      0.3826242539758636
    ],
    [
      0.1512183030408194,
      0.5204810059493966,
      0.32830069100978404
    ],
    [
      0.5090107259134332,
      0.15751064079240498,
      0.3334786332941619
    ],
    [
      0.1160942381760154,
      0.5570257874128394,
      0.3268799744111452
    ],
    [
      0.6876357343787126,
      0.056132672433090426,
      0.25623159318819694
    ],
    [
      0.4053398659418506,
      0.2954162937098471,
      0.2992438403483022
    ],
    [
      0.017919725450160972,
      0.28496337435072044,
      0.6971169001991186
    ],
    [
      0.038348513645499245,
      0.7234110459460323,
      0.2382404404084683
    ],
    [
      0.2256754452338436,
      0.47703320864585413,
      0.29729134612030234
    ],
    [
      0.49999200214947,
      0.21688907933973475,
      0.2831189185107953
    ],
    [
      0.3318518823132361,
      0.44710380597408594,
      0.221044311712678
    ],
    [
      0.39988934118723646,
      0.45605647855850273,
      0.14405418025426076
    ],
    [
      0.4292621004295388,
      0.2469122448230768,
      0.3238256547473845
    ],
    [
      0.5198013609602411,
      0.20586045929671754,
      0.2743381797430413
    ],
    [
      0.11184584061532218,
      0.39623870916305515,
      0.4919154502216227
    ],
    [
      0.193659497182065,
      0.11027267635320061,
      0.6960678264647345
    ],
    [
      0.157723442760526,
      0.39411749356695597,
      0.44815906367251795
    ],
    [
      0.1421368889577492,
      0.36430886560581227,
      0.4935542454364385
    ],
    [
      0.3622630521449595,
      0.4497126838700939,
      0.18802426398494665
    ],
    [
      0.13391639195705463,
      0.42198330633179926,
      0.44410030171114623
    ],
    [
      0.4843069242478922,
      0.3412429766239534,
      0.17445009912815435
    ],
    [
      0.5774771473766903,
      0.27338049821883637,
      0.14914235440447327
    ],
    [
      0.5801857252004108,
      0.40772855903815114,
      0.01208571576143792
    ],
    [
      0.23264648108934963,
      0.43783790951574886,
      0.32951560939490154
    ],
    [
      0.3156181238540492,
      0.07482398794064857,
      0.6095578882053022
    ],
    [
      0.4884518414642204,
      0.17111661486961763,
      0.34043154366616196
    ],
    [
      0.3107632409368485,
      0.25527052988301413,
      0.43396622918013744
    ],
    [
      0.40297805043928586,
      0.5208112857034188,
      0.07621066385729519
    ],
    [
      0.5861084490280105,
      0.2596329784976718,
      0.1542585724743177
    ],
    [
      0.20717961185282,
      0.49204052624723604,
      0.300779861899944
    ],
    [
      0.12012659358470858,
      0.5856704346002787,
      0.2942029718150127
    ],
    [
      0.24587630033314203,
      0.393746107233618,
      0.3603775924332399
    ],
    [
      0.0844102030185136,
      0.8129260885326395,
      0.10266370844884683
    ],
    [
      0.7083196273936148,
      0.09111616705893781,
      0.2005642055474475
    ],
    [
      0.1457192730986891,
      0.7239184426930642,
      0.1303622842082468
    ],
    [
      0.4808677915753912,
      0.31217636809985394,
      0.2069558403247549
    ],
    [
      0.17192819813707655,
      0.6063017719330069,
      0.22177002992991662
    ],
    [
      0.35873294093340047,
      0.2017162110656384,
      0.43955084800096117
    ],
    [
      0.2080011529038515,
      0.10979996626763727,
      0.6821988808285112
    ],
    [
      0.18595833090977815,
      0.3778550382153291,
      0.4361866308748928
    ],
    [
      0.37126611964954553,
      0.09788865513286632,
      0.5308452252175881
    ],
    [
      0.4240413100858234,
      0.4997561926634971,
      0.07620249725067957
    ],
    [
      0.6552471198157841,
      0.16692053115306263,
      0.17783234903115325
    ],
    [
      0.1885435138484202,
      0.3556253256581347,
      0.45583116049344513
    ],
    [
      0.2207148744216511,
      0.4581143706728647,
      0.3211707549054842
    ],
    [
      0.30934697989560184,
      0.2888904990505466,
      0.40176252105385163
    ],
    [
      0.21073772404183352,
      0.2291939138023848,
      0.5600683621557818
    ],
    [
      0.4576463763946834,
      0.15018179229157969,
      0.39217183131373684
    ],
    [
      0.3050163787232264,
      0.2672916713456884,
      0.42769194993108534
    ],
    [
      0.11932480785562052,
      0.40066419963639033,
      0.4800109925079891
    ],
    [
      0.5433158529239686,
      0.1340689741281449,
      0.32261517294788655
    ],
    [
      0.6058998523286724,
      0.07725957937455573,
      0.3168405682967719
    ],
    [
      0.3252059724707787,
      0.15147980430644029,
      0.523314223222781
    ],
    [
      0.46380653633380464,
      0.4080535612188387,
      0.1281399024473567
    ],
    [
      0.4446104443063772,
      0.16444282171662772,
      0.39094673397699503
    ],
    [
      0.11330873972520841,
      0.5735042474043371,
      0.3131870128704545
    ],
    [
      0.5081318624997408,
      0.3253026995857106,
      0.1665654379145486
    ],
    [
      0.0674437981185895,
      0.465247428107347,
      0.4673087737740635
    ],
    [
      0.38612086702600185,
      0.28916659609005935,
      0.3247125368839389
    ],
    [
      0.46718697627550604,
      0.20118079780191803,
      0.331632225922576
    ],
    [
      0.5608220714441146,
      0.1855516973242286,
      0.25362623123165684
    ],
    [
      0.07702561869528601,
      0.2798946497212229,
      0.6430797315834911
    ],
    [
      0.23972622643251498,
      0.6632238079139614,
      0.09704996565352354
    ],
    [
      0.13531346170931102,
      0.6327986834705632,
      0.23188785482012578
    ],
    [
      0.10201881286415257,
      0.23868058409473167,
      0.6593006030411157
    ],
    [
      0.3554299295900401,
      0.3152213428064041,
      0.32934872760355577
    ],
    [
      0.3599945588739647,
      0.19991341697048573,
      0.4400920241555496
    ],
    [
      0.2621489543526267,
      0.4862768580599186,
      0.2515741875874547
    ],
    [
      0.27824349410880095,
      0.4277905527574149,
      0.29396595313378426
    ],
    [
      0.29994348016521827,
      0.5855787598249621,
      0.11447776000981974
    ],
    [
      0.5530933720229355,
      0.25923113796685615,
      0.18767549001020836
    ],
    [
      0.7998624360282767,
      0.060270310873642055,
      0.13986725309808112
    ],
    [
      0.35647900973923724,
      0.4639166607406785,
      0.17960432952008423
    ],
    [
      0.46650033274587804,
      0.22258340849194258,
      0.3109162587621794
    ],
    [
      0.31389125529537876,
      0.2811976741281715,
      0.40491107057644987
    ],
    [
      0.50986298038985,
      0.09346699994640423,
      0.3966700196637459
    ],
    [
      0.43726017345212137,
      0.3780490233113527,
      0.184690803236526
    ],
    [
      0.6152158780734455,
      0.20194730681000267,
      0.18283681511655184
    ],
    [
      0.1876287485080723,
      0.22602481176042874,
