{
  "sample_file": "F03_RD14-0003-49_50_29-1;4;1-M3S30-0.09IP-Q2.9_002.5sec.fsa",
  "predicted_noc": 3,
  "noc_confidence": 1.0,
  "posterior_summary": {
    "Mx_1": {
      "mean": 0.48612793612625427,
      "std": 0.32825779747440126,
      "median": 0.4768989855768211,
      "mode": 0.08542787939550213,
      "credible_interval_95": [
        0.001336817296345454,
        0.9984694846012651
      ],
      "credible_interval_90": [
        0.012056905554324595,
        0.9890829625574448
      ],
      "hpdi_95": [
        0.012008112970905238,
        0.9999980000039959
      ],
      "min": 9.999980054661163e-07,
      "max": 0.9999980000039959
    },
    "Mx_2": {
      "mean": 0.2521834180494587,
      "std": 0.280066176945723,
      "median": 0.1393098807558312,
      "mode": 0.030145795429686217,
      "credible_interval_95": [
        9.999990002160077e-07,
        0.92473917144309
      ],
      "credible_interval_90": [
        1.0247674848911986e-06,
        0.8386662863372376
      ],
      "hpdi_95": [
        9.999980021792687e-07,
        0.8391893613686682
      ],
      "min": 9.999980021792687e-07,
      "max": 0.9998033818155229
    },
    "Mx_3": {
      "mean": 0.2616886458242871,
      "std": 0.28493668802772965,
      "median": 0.15203593174986216,
      "mode": 0.0301516633147656,
      "credible_interval_95": [
        9.999990044240179e-07,
        0.9260165789033865
      ],
      "credible_interval_90": [
        9.9999917618884e-07,
        0.8715733243235034
      ],
      "hpdi_95": [
        9.999980021792687e-07,
        0.871935403306456
      ],
      "min": 9.999980021792687e-07,
      "max": 0.999998000003989
    },
    "model_quality": {
      "acceptance_rate": 1.0,
      "n_effective_samples": 1200,
      "converged": false,
      "final_step_size": 0.05
    },
    "contributor_ranking": [
      [
        1,
        0.48612793612625427
      ],
      [
        3,
        0.2616886458242871
      ],
      [
        2,
        0.2521834180494587
      ]
    ]
  },
  "convergence_diagnostics": {
    "effective_sample_size": [
      1046.1135039961632,
      746.079776513493,
      1200.0
    ],
    "min_ess": 746.079776513493,
    "geweke_scores": [
      0.04778051240753021,
      0.14348835490645165,
      0.09401196045019788
    ],
    "max_geweke": 0.14348835490645165,
    "convergence_status": "Good",
    "convergence_issues": [],
    "true_value_bias": {
      "max_bias": 0.41448324861720776,
      "mean_bias": 0.2763221657448053,
      "bias_per_component": [
        0.31946126945958797,
        0.41448324861720776,
        0.09502197915762015
      ],
      "acceptable": false
    }
  },
  "computation_time": 9.719018936157227,
  "timestamp": "2025-06-10 09:49:55",
  "true_contributor_ids": [
    "49",
    "50",
    "29"
  ],
  "true_mixture_ratios": [
    0.16666666666666666,
    0.6666666666666666,
    0.16666666666666666
  ],
  "sample_mixture_ratios": [
    [
      0.9999976428426903,
      1.3571582982700843e-06,
      9.999990115042881e-07
    ],
    [
      0.7542918760995811,
      0.010711963258962608,
      0.23499616064145634
    ],
    [
      0.6827064962285614,
      0.006295716530988693,
      0.31099778724044985
    ],
    [
      0.44730954057256517,
      0.5524005606299083,
      0.00028989879752661953
    ],
    [
      0.9999146259572128,
      8.437404378714969e-05,
      9.999990000018615e-07
    ],
    [
      0.06452146674621162,
      0.8531290007841931,
      0.08234953246959534
    ],
    [
      0.7576805711535136,
      0.0010364100311009224,
      0.24128301881538547
    ],
    [
      0.9505321976438263,
      0.049466802357091014,
      9.999990826984903e-07
    ],
    [
      0.6112717338885876,
      0.325658064801436,
      0.06307020130997652
    ],
    [
      0.392935800920136,
      0.6070631990800592,
      9.99999804674999e-07
    ],
    [
      0.5114980294071036,
      0.28701373215681114,
      0.2014882384360852
    ],
    [
      0.8362012925546931,
      0.16363518776459024,
      0.00016351968071668033
    ],
    [
      0.43537161506126343,
      0.5646273849397359,
      9.999990008770865e-07
    ],
    [
      0.705039662267079,
      5.1924928506469505e-05,
      0.2949084128044145
    ],
    [
      0.5172883784363818,
      0.40294180854545336,
      0.07976981301816487
    ],
    [
      0.9436208686448789,
      9.999990000010062e-07,
      0.056378131356121124
    ],
    [
      0.3421132042464415,
      0.6293283808791181,
      0.028558414874440396
    ],
    [
      0.05219813883571437,
      0.002067510245973395,
      0.9457343509183123
    ],
    [
      0.24297368370120184,
      0.696989335629577,
      0.06003698066922119
    ],
    [
      0.35835091021826215,
      0.46106344600034826,
      0.18058564378138953
    ],
    [
      0.4149312821785985,
      0.3186953098300495,
      0.26637340799135195
    ],
    [
      0.32026817088039766,
      0.4088796510947713,
      0.27085217802483097
    ],
    [
      0.511347745945001,
      0.3380864261019173,
      0.15056582795308185
    ],
    [
      0.009461476983823736,
      0.5735068827363123,
      0.41703164027986395
    ],
    [
      0.5096072655944847,
      0.0027597179468316566,
      0.4876330164586838
    ],
    [
      0.9468425997398897,
      0.02713096737104697,
      0.026026432889063318
    ],
    [
      0.7582468796540633,
      0.23674231042665025,
      0.00501080991928648
    ],
    [
      0.9781565012921484,
      0.020852747761402755,
      0.0009907509464488567
    ],
    [
      0.3426494538731907,
      0.5309389387652906,
      0.1264116073615187
    ],
    [
      0.14158382922946344,
      0.655277912842781,
      0.20313825792775558
    ],
    [
      0.9999215395005143,
      7.74605004710807e-05,
      9.999990147563574e-07
    ],
    [
      0.6980887291445819,
      0.2956706294904225,
      0.00624064136499562
    ],
    [
      0.6491617262220023,
      0.0677533940053385,
      0.2830848797726591
    ],
    [
      0.1653838626262073,
      6.325703044652673e-06,
      0.834609811670748
    ],
    [
      0.03158037579259678,
      0.9684186242083963,
      9.999990069978789e-07
    ],
    [
      0.623834577251712,
      0.3584374690666947,
      0.017727953681593224
    ],
    [
      0.6611439608860046,
      0.2709942841880446,
      0.06786175492595091
    ],
    [
      0.8683446789395113,
      0.006221046566682969,
      0.12543427449380584
    ],
    [
      0.36815063403427833,
      0.573547629928268,
      0.05830173603745368
    ],
    [
      0.8393467791035375,
      0.15734302762035748,
      0.003310193276105149
    ],
    [
      9.99999355724303e-07,
      0.319708283359349,
      0.6802907166412955
    ],
    [
      0.6940565628095721,
      0.20837442055685912,
      0.09756901663356886
    ],
    [
      0.2568264952200481,
      0.7431662307884439,
      7.2739915079629765e-06
    ],
    [
      0.00028929222857282394,
      0.46863524565399917,
      0.531075462117428
    ],
    [
      0.2381614482758957,
      0.6511144571439821,
      0.11072409458012221
    ],
    [
      0.10473445516712206,
      0.0981123091495581,
      0.7971532356833199
    ],
    [
      0.008915696977601724,
      0.8500261500705965,
      0.14105815295180174
    ],
    [
      0.3182687016329757,
      0.589363161959584,
      0.0923681364074403
    ],
    [
      0.1322184154845457,
      0.8386387560724256,
      0.02914282844302877
    ],
    [
      0.09985075875006824,
      0.3605187469190346,
      0.5396304943308972
    ],
    [
      0.04478751518425317,
      0.8060189343452683,
      0.1491935504704785
    ],
    [
      0.05951403616033757,
      0.23731574601541472,
      0.7031702178242478
    ],
    [
      0.1437200263457834,
      0.7451526160810786,
      0.11112735757313791
    ],
    [
      0.30218755927093416,
      0.030497942467891375,
      0.6673144982611745
    ],
    [
      0.14499171454012344,
      0.015759984278081555,
      0.839248301181795
    ],
    [
      0.6456983317484507,
      0.35430066825254936,
      9.99999000001e-07
    ],
    [
      0.24381679812432736,
      0.2810544437390943,
      0.4751287581365785
    ],
    [
      0.9963514063261806,
      9.999990034272905e-07,
      0.0036475936748159897
    ],
    [
      0.40088023022997965,
      0.33903762679091004,
      0.2600821429791104
    ],
    [
      0.018346379990050957,
      0.9564890495111772,
      0.025164570498771865
    ],
    [
      0.8817423481328394,
      0.00998344561533245,
      0.10827420625182806
    ],
    [
      0.11979206870633007,
      0.7296712695519301,
      0.15053666174173988
    ],
    [
      0.8360482652003308,
      0.0054992675295594245,
      0.1584524672701098
    ],
    [
      0.9963633522752823,
      0.0028156887962213243,
      0.0008209589284964361
    ],
    [
      0.114307533358972,
      0.5479935381207223,
      0.33769892852030564
    ],
    [
      1.4930830266355474e-06,
      1.1970777723238168e-05,
      0.9999865361392501
    ],
    [
      0.021028947505636403,
      0.055047676194511425,
      0.9239233762998522
    ],
    [
      1.1255145519181684e-05,
      0.0540824321600189,
      0.945906312694462
    ],
    [
      0.2887850873579947,
      0.4391639090779038,
      0.27205100356410145
    ],
    [
      0.17922776617739353,
      0.040027760675381704,
      0.7807444731472247
    ],
    [
      0.959513384705035,
      0.03944115670373661,
      0.0010454585912284889
    ],
    [
      0.6477852622549428,
      0.35060563112566756,
      0.001609106619389664
    ],
    [
      0.8766268585637457,
      0.12327455259061647,
      9.858884563789255e-05
    ],
    [
      0.3553655950156444,
      0.3016492455308065,
      0.342985159453549
    ],
    [
      0.9310232454895015,
      0.0689757545113058,
      9.999991927890525e-07
    ],
    [
      0.21760065238751256,
      0.204066004250027,
      0.5783333433624605
    ],
    [
      0.19611693113641124,
      0.5086893212185941,
      0.29519374764499456
    ],
    [
      0.23813472952298326,
      0.7519042934230575,
      0.009960977053959066
    ],
    [
      0.5731714995121892,
      4.7364031984944335e-06,
      0.4268237640846123
    ],
    [
      0.4650931492379424,
      0.0010258723734096482,
      0.533880978388648
    ],
    [
      0.33447249620763864,
      0.019870557681778794,
      0.6456569461105826
    ],
    [
      0.25836900632008375,
      0.5957476118146865,
      0.14588338186522978
    ],
    [
      0.07546899353285476,
      0.466709106002763,
      0.4578219004643822
    ],
    [
      0.7243428240588162,
      0.08377826014741795,
      0.1918789157937659
    ],
    [
      0.9636063859760409,
      0.034479942700917386,
      0.001913671323041764
    ],
    [
      0.2594121916421796,
      0.700579270035131,
      0.04000853832268937
    ],
    [
      0.001978617633978829,
      0.7012688785618002,
      0.2967525038042211
    ],
    [
      0.5882724519424045,
      0.048933619605538034,
      0.36279392845205755
    ],
    [
      0.9975563893920888,
      7.325313716928385e-06,
      0.0024362852941942357
    ],
    [
      0.24949031612735734,
      0.6396038713650931,
      0.11090581250754958
    ],
    [
      0.4301125786246044,
      0.23257526194007122,
      0.33731215943532433
    ],
    [
      0.9997329126780732,
      0.0002660873227232463,
      9.999992036282695e-07
    ],
    [
      0.7515773015198447,
      0.002828289155800763,
      0.24559440932435458
    ],
    [
      0.973484196964908,
      0.021801030772860303,
      0.004714772262231724
    ],
    [
      0.030071225542734826,
      0.45596912750656793,
      0.5139596469506973
    ],
    [
      0.6534199107686595,
      3.194735661871395e-05,
      0.3465481418747219
    ],
    [
      0.9221240250520202,
      0.04915575018315366,
      0.02872022476482612
    ],
    [
      0.6405365274331934,
      0.3065984699065218,
      0.052865002660284786
    ],
    [
      0.9961742272682956,
      9.999990000936479e-07,
      0.003824772732704237
    ],
    [
      0.9238085635220457,
      0.00022037219117593162,
      0.07597106428677848
    ],
    [
      0.0018659527609970498,
      0.07378980968101946,
      0.9243442375579835
    ],
    [
      0.6529380464543472,
      8.666186838646852e-05,
      0.3469752916772663
    ],
    [
      1.0171179050655212e-06,
      0.9990124002006279,
      0.0009865826814671132
    ],
    [
      0.7825787605401692,
      0.21742023946076772,
      9.999990632524728e-07
    ],
    [
      0.40996113994041805,
      9.261171761525087e-05,
      0.5899462483419666
    ],
    [
      0.09360194942990432,
      0.022934102620737144,
      0.8834639479493586
    ],
    [
      0.8262408092207206,
      0.04625504684478663,
      0.1275041439344928
    ],
    [
      0.9882113702171597,
      0.0116237291549308,
      0.0001649006279095021
    ],
    [
      0.9581016682961415,
      0.041876796786992285,
      2.153491686622977e-05
    ],
    [
      0.9981643663586237,
      0.00015328194506113459,
      0.0016823516963152348
    ],
    [
      0.39997083237622255,
      0.2710724103934284,
      0.3289567572303491
    ],
    [
      0.5158199376659408,
      0.1389291212997072,
      0.345250941034352
    ],
    [
      0.3990829692832751,
      1.941623322789648e-05,
      0.6008976144834971
    ],
    [
      0.21476771303900885,
      0.657584241456601,
      0.12764804550439018
    ],
    [
      0.39127056772273433,
      0.5925471626773867,
      0.016182269599879055
    ],
    [
      0.8923767040213945,
      0.0302480135561471,
      0.07737528242245843
    ],
    [
      0.19995206617855107,
      0.038740430708686574,
      0.7613075031127624
    ],
    [
      0.7554969792692443,
      0.23499026693556938,
      0.00951275379518636
    ],
    [
      0.23240427321761087,
      0.7587951645042054,
      0.008800562278183686
    ],
    [
      0.44145172181050063,
      0.14173042874707653,
      0.4168178494424228
    ],
    [
      0.00011742373698535701,
      0.07587829381875257,
      0.9240042824442621
    ],
    [
      0.6830632949782887,
      0.16472821823238404,
      0.15220848678932739
    ],
    [
      0.37655344316868367,
      0.00040360581990154767,
      0.6230429510114148
    ],
    [
      0.9433562620558245,
      0.0020714650081108447,
      0.05457227293606471
    ],
    [
      0.49596416683101774,
      0.01613653008976705,
      0.4878993030792152
    ],
    [
      0.36067216211975295,
      0.09537515278609983,
      0.5439526850941472
    ],
    [
      0.7995972445033146,
      9.999990000011176e-07,
      0.2004017554976853
    ],
    [
      0.10144763083364977,
      0.5439972803356982,
      0.35455508883065207
    ],
    [
      0.366159899658062,
      0.049689987191109085,
      0.5841501131508289
    ],
    [
      0.9937602656628397,
      0.006094177072414969,
      0.00014555726474538676
    ],
    [
      0.9999980000020892,
      9.999989555036895e-07,
      9.999989555036895e-07
    ],
    [
      0.4820292535649378,
      0.4716651597009585,
      0.04630558673410365
    ],
    [
      0.9270634461750126,
      9.999990009804937e-07,
      0.07293555382598654
    ],
    [
      0.880252490644911,
      0.11968129355691581,
      6.621579817320855e-05
    ],
    [
      0.3764343217644675,
      0.009974813346450258,
      0.6135908648890822
    ],
    [
      0.5954521331227122,
      0.053509642815153934,
      0.35103822406213386
    ],
    [
      0.6089353891278599,
      0.371391822414356,
      0.01967278845778409
    ],
    [
      0.8018804588163387,
      0.004775102875961288,
      0.19334443830769998
    ],
    [
      0.8501023223246346,
      0.1439540948693389,
      0.005943582806026562
    ],
    [
      0.10456459096822528,
      1.8712953797806409e-06,
      0.895433537736395
    ],
    [
      0.060872237362178866,
      0.6602747061740103,
      0.2788530564638108
    ],
    [
      0.999516416703696,
      0.0004825832972779693,
      9.999990259703365e-07
    ],
    [
      0.00036637279184810305,
      0.8961056615920421,
      0.10352796561610988
    ],
    [
      0.28792523167956036,
      0.6044351006260484,
      0.10763966769439132
    ],
    [
      0.9179222937641934,
      1.4019501008158118e-05,
      0.08206368673479839
    ],
    [
      0.35573118332616965,
      0.5494066891344876,
      0.09486212753934277
    ],
    [
      0.00010282348112039048,
      0.2627546972772645,
      0.737142479241615
    ],
    [
      0.008830492140446178,
      0.07536119748361521,
      0.9158083103759387
    ],
    [
      0.7018643759539723,
      0.2937816283841551,
      0.004353995661872692
    ],
    [
      0.17700127123874398,
      9.999990215659267e-07,
      0.8229977287622345
    ],
    [
      0.13796339657696394,
      0.4139155749032541,
      0.4481210285197819
    ],
    [
      0.637748787580371,
      0.2306767605447615,
      0.13157445187486747
    ],
    [
      0.637187536475653,
      0.01115367644671294,
      0.35165878707763404
    ],
    [
      0.9955845279570698,
      0.0013846138604616828,
      0.0030308581824685173
    ],
    [
      0.8480955640919413,
      0.1517705511553496,
      0.00013388475270905285
    ],
    [
      0.4344598173128457,
      0.13036170547257386,
      0.4351784772145804
    ],
    [
      0.21782474601185997,
      0.7629095048224518,
      0.01926574916568831
    ],
    [
      1.3448899962357967e-05,
      0.18841090483805553,
      0.8115756462619821
    ],
    [
      0.7952080947197954,
      0.06246757532005692,
      0.14232432996014774
    ],
    [
      0.7787869681097467,
      0.00043368483568189607,
      0.22077934705457153
    ],
    [
      0.4362872911761512,
      0.0696418665259712,
      0.49407084229787757
    ],
    [
      0.3102391435998347,
      0.3756508411436077,
      0.31411001525655774
    ],
    [
      0.22205217394401267,
      0.7378010809169626,
      0.040146745139024755
    ],
    [
      0.1994721650334184,
      1.0260710389013877e-06,
      0.8005268088955427
    ],
    [
      0.9950284814045198,
      9.99999001570572e-07,
      0.004970518596478633
    ],
    [
      0.6335944163167345,
      0.0507995797300383,
      0.31560600395322724
    ],
    [
      0.6093656184965804,
      9.240894308686545e-05,
      0.3905419725603328
    ],
    [
      0.9314926052949871,
      0.06598999260763118,
      0.0025174020973817764
    ],
    [
      0.24202732746338357,
      0.0726898391772911,
      0.6852828333593254
    ],
    [
      0.3350819402364667,
      1.4554434517228605e-05,
      0.6649035053290161
    ],
    [
      0.26802074355544464,
      0.51599229955545,
      0.2159869568891054
    ],
    [
      0.42441546799831825,
      0.11539630096439385,
      0.46018823103728795
    ],
    [
      0.5139445578866638,
      0.00020215153865285772,
      0.48585329057468324
    ],
    [
      0.9990468174504473,
      0.0009521825505481788,
      9.999990044824284e-07
    ],
    [
      0.00970311190169674,
      0.05830232728353217,
      0.9319945608147712
    ],
    [
      0.46906454549499194,
      0.5258460771273925,
      0.005089377377615423
    ],
    [
      0.4786433207851988,
      0.5211021613312947,
      0.0002545178835064935
    ],
    [
      0.9668355707207478,
      0.033163429280252364,
      9.999990000010505e-07
    ],
    [
      0.9617275418815727,
      0.013426693707172048,
      0.0248457644112552
    ],
    [
      0.595069683494067,
      0.3944182311360597,
      0.010512085369873268
    ],
    [
      0.06671436359978997,
      0.4853120225260149,
      0.44797361387419515
    ],
    [
      0.40896250273225737,
      0.026852370955245727,
      0.5641851263124968
    ],
    [
      0.9993867734042031,
      9.99999004184454e-07,
      0.0006122265967927354
    ],
    [
      0.21204046740524068,
      0.008826535467582358,
      0.779132997127177
    ],
    [
      0.6886752107140763,
      0.0828690922432072,
      0.2284556970427164
    ],
    [
      0.987920541164722,
      0.00580662652824044,
      0.006272832307037429
    ],
    [
      0.9823222976778898,
      0.00874309787385644,
      0.008934604448253837
    ],
    [
      0.12919679381171972,
      0.0548514672868911,
      0.8159517389013893
    ],
    [
      0.14271442882291535,
      0.7361617024753638,
      0.1211238687017208
    ],
    [
      0.09578909052527974,
      9.999997521304836e-07,
      0.9042099094749682
    ],
    [
      0.7419303235233243,
      0.004371980243404525,
      0.25369769623327115
    ],
    [
      0.018266868344889057,
      0.6497289099211875,
      0.3320042217339234
    ],
    [
      0.9994107259262425,
      9.999990000018122e-07,
      0.000588274074757503
    ],
    [
      0.7009671258945774,
      9.999990872077005e-07,
      0.2990318741063353
    ],
    [
      0.07960167687799426,
      1.6348605952971056e-06,
      0.9203966882614105
    ],
    [
      0.9844364683165719,
      0.00351998414574777,
      0.012043547537680301
    ],
    [
      0.8698878858977391,
      9.999990000268754e-07,
      0.1301111141032608
    ],
    [
      0.8989137361322479,
      0.06161968821261139,
      0.039466575655140675
    ],
    [
      0.18587956088380464,
      0.04623235795275149,
      0.7678880811634439
    ],
    [
      0.1445997045315442,
      0.5603938784587127,
      0.2950064170097431
    ],
    [
      0.9966685102506045,
      0.002257229948367726,
      0.0010742598010277887
    ],
    [
      0.019061217923492763,
      0.7674225298164371,
      0.2135162522600702
    ],
    [
      0.045791904655242126,
      0.3705281530051632,
      0.5836799423395946
    ],
    [
      0.9968982844056379,
      0.0006320412333668393,
      0.002469674360995311
    ],
    [
      0.2519662951571467,
      0.7468352560274855,
      0.0011984488153679532
    ],
    [
      0.18467840320752543,
      0.7707697048005244,
      0.044551891991950206
    ],
    [
      0.1978188938909136,
      0.4675124421536811,
      0.33466866395540534
    ],
    [
      0.0682223536697003,
      0.6760214779842844,
      0.2557561683460153
    ],
    [
      0.43261073543614154,
      0.42762401749513407,
      0.1397652470687244
    ],
    [
      0.3253000646661668,
      0.021001826256616913,
      0.6536981090772163
    ],
    [
      0.8455103882508468,
      0.0003376603938139154,
      0.15415195135533938
    ],
    [
      0.00804905777480829,
      0.0011073686134205959,
      0.9908435736117711
    ],
    [
      0.6350221725429646,
      0.2715086941123279,
      0.09346913334470751
    ],
    [
      0.2370062182912836,
      0.4006858567917576,
      0.36230792491695885
    ],
    [
      0.40866243272616004,
      0.5743852077378113,
      0.016952359536028604
    ],
    [
      0.4868895037406606,
      0.018834562532359732,
      0.49427593372697964
    ],
    [
      0.8257895235638832,
      0.0012743322448324698,
      0.1729361441912844
    ],
    [
      0.05293151225936149,
      0.9246254698252926,
      0.022443017915345902
    ],
    [
      0.0002613267250327896,
      0.845247738455414,
      0.15449093481955323
    ],
    [
      0.2829224668513677,
      0.04911667652265278,
      0.6679608566259796
    ],
    [
      0.7977602801883046,
      0.019664802147266857,
      0.1825749176644286
    ],
    [
      0.49456484309436094,
      0.11439810175700908,
      0.39103705514863
    ],
    [
      0.27445076210610997,
      0.6818751756746637,
      0.043674062219226414
    ],
    [
      0.3754189624021058,
      0.10184373423909869,
      0.5227373033587955
    ],
    [
      0.9940776223971314,
      0.005895198234036047,
      2.7179368832465297e-05
    ],
    [
      0.6782498861486381,
      0.3192059426276593,
      0.0025441712237026016
    ],
    [
      0.052650305774132475,
      0.9243724583569911,
      0.022977235868876414
    ],
    [
      0.26790451971953017,
      0.5620301964264803,
      0.17006528385398953
    ],
    [
      0.3686821694717472,
      0.6272230719504458,
      0.004094758577807123
    ],
    [
      0.20891979083183135,
      0.3008464070467482,
      0.4902338021214205
    ],
    [
      0.32769605460948054,
      0.08412659678152308,
      0.5881773486089964
    ],
    [
      0.8859062428003167,
      0.1110611826358869,
      0.003032574563796442
    ],
    [
      0.853712674401935,
      0.002308333975380381,
      0.14397899162268474
    ],
    [
      0.8330412006538745,
      0.1468490872408606,
      0.020109712105264785
    ],
    [
      0.05382768229251204,
      0.36669499316912346,
      0.5794773245383645
    ],
    [
      0.20051708412033667,
      0.7895828976265293,
      0.00990001825313409
    ],
    [
      0.03822783864193023,
      0.006833509123581828,
      0.954938652234488
    ],
    [
      0.2811728799873182,
      0.4203888202349354,
      0.2984382997777464
    ],
    [
      0.4375161094245301,
      2.1228758630335923e-06,
      0.5624817676996068
    ],
    [
      0.9421688900608528,
      0.008619272912461728,
      0.049211837026685384
    ],
    [
      0.6687864083769366,
      0.216493602450332,
      0.11471998917273143
    ],
    [
      0.32757520383632693,
      0.20384199304913087,
      0.46858280311454226
    ],
    [
      0.44961322492597283,
      0.011125559326431002,
      0.5392612157475961
    ],
    [
      0.11821944875114326,
      0.17486890770321867,
      0.7069116435456381
    ],
    [
      0.6866559374469509,
      0.3123327876709989,
      0.0010112748820502108
    ],
    [
      0.7576409306560254,
      0.2423580693448066,
      9.999991679960409e-07
    ],
    [
      0.06478009454053714,
      0.19351698631961664,
      0.7417029191398462
    ],
    [
      0.9673279751907611,
      0.00650978097878762,
      0.026162243830451258
    ],
    [
      0.0478142307305069,
      0.9515748880494026,
      0.0006108812200905693
    ],
    [
      0.6237262273580718,
      0.15260390518227698,
      0.22366986745965128
    ],
    [
      0.9997430141190984,
      0.0002559858815215301,
      9.999993801928857e-07
    ],
    [
      0.4663924820394704,
      0.046736330783205236,
      0.48687118717732436
    ],
    [
      0.9955166604713843,
      9.999990006179246e-07,
      0.004482339529615159
    ],
    [
      0.9958874395478553,
      5.196453561780894e-06,
      0.004107363998582956
    ],
    [
      0.22348309961829016,
      9.99999000060405e-07,
      0.7765159003827097
    ],
    [
      0.07990242124070704,
      0.00276485192877308,
      0.9173327268305199
    ],
    [
      0.6838255433716471,
      0.19737671494664366,
      0.11879774168170922
    ],
    [
      0.8632881595395103,
      0.13671084046142393,
      9.999990656975563e-07
    ],
    [
      0.33923475116096163,
      0.008071002914055339,
      0.6526942459249832
    ],
    [
      0.3658065731228676,
      0.6307914327344833,
      0.0034019941426490312
    ],
    [
      0.27877835910496923,
      0.08838930200584239,
      0.6328323388891884
    ],
    [
      0.7957037836592799,
      5.099912486113259e-05,
      0.20424521721585903
    ],
    [
      0.0380775375429579,
      0.0571588251377947,
      0.9047636373192475
    ],
    [
      0.6151707865969446,
      0.3046143885136617,
      0.08021482488939378
    ],
    [
      0.7681017835691896,
      0.11097495561000131,
      0.12092326082080901
    ],
    [
      0.6565157970786386,
      0.24182951406033473,
      0.10165468886102676
    ],
    [
      0.17856975199007474,
      0.5709440038393989,
      0.25048624417052645
    ],
    [
      0.18826037977571283,
      0.8044132846597337,
      0.007326335564553528
    ],
    [
      0.49283627590955953,
      0.40118423440573175,
      0.1059794896847087
    ],
    [
      0.8947178830518593,
      0.058083430335294665,
      0.047198686612846104
    ],
    [
      0.7621920565886856,
      0.12081744743731375,
      0.1169904959740007
    ],
    [
      0.041059669891101935,
      0.2994288583577989,
      0.6595114717510991
    ],
    [
      0.5937624254110732,
      0.3688182897718902,
      0.037419284817036776
    ],
    [
      0.9703736155490259,
      0.0015085557300312969,
      0.028117828720942855
    ],
    [
      0.024553535746084966,
      0.1115878470012942,
      0.8638586172526208
    ],
    [
      0.7192196061443221,
      0.21253057244192683,
      0.0682498214137511
    ],
    [
      0.7100996979719247,
      0.24490219891323456,
      0.044998103114840794
    ],
    [
      0.4455867535922744,
      0.24038586672680512,
      0.3140273796809206
    ],
    [
      0.5326780864330507,
      0.33155490938315724,
      0.135767004183792
    ],
    [
      0.1109450350447285,
      0.006530421207865273,
      0.8825245437474063
    ],
    [
      1.015118844932137e-05,
      0.44936911892473663,
      0.5506207298868141
    ],
    [
      0.1326437511286046,
      0.2107510299732866,
      0.6566052188981089
    ],
    [
      0.004073312452154106,
      0.9498824366708055,
      0.046044250877040345
    ],
    [
      0.6533687157891138,
      0.34607160848227636,
      0.0005596757286098084
    ],
    [
      0.2560831019385522,
      0.28793777427407435,
      0.4559791237873734
    ],
    [
      0.9540609578747574,
      0.041195871402961076,
      0.004743170722281434
    ],
    [
      0.39654187338682206,
      0.2263765461884661,
      0.3770815804247117
    ],
    [
      0.925393238446197,
      0.06992882227359198,
      0.004677939280210958
    ],
    [
      0.026518934251646423,
      0.3877302790992573,
      0.5857507866490964
    ],
    [
      0.3714496243776077,
      0.6194942138258279,
      0.00905616179656441
    ],
    [
      0.892150357081126,
      0.0027993766170834123,
      0.10505026630179061
    ],
    [
      0.7549103634687362,
      0.02644624685762092,
      0.21864338967364294
    ],
    [
      0.9378373458230783,
      0.06213725530485044,
      2.5398872071214744e-05
    ],
    [
      0.5661875640460368,
      0.20696566301336888,
      0.22684677294059438
    ],
    [
      0.015970863676317695,
      0.06944978660006214,
      0.9145793497236202
    ],
    [
      0.5779666018963194,
      0.22386273268801068,
      0.19817066541567
    ],
    [
      0.7883857919973332,
      0.09905859541026435,
      0.11255561259240256
    ],
    [
      0.322253355445787,
      0.4830087016622293,
      0.1947379428919838
    ],
    [
      0.8267879164566189,
      0.17321108354396114,
      9.999994200857241e-07
    ],
    [
      0.16115930258495512,
      0.21830189041066517,
      0.6205388070043798
    ],
    [
      0.7305457406317543,
      0.025952981073948823,
      0.24350127829429696
    ],
    [
      0.04409748852459273,
      0.12259781161023556,
      0.8333046998651717
    ],
    [
      0.6936070353030283,
      0.00014763158526306944,
      0.3062453331117087
    ],
    [
      0.6707205436583322,
      1.5473604354691087e-05,
      0.32926398273731317
    ],
    [
      0.7247460912184468,
      0.03322684369070631,
      0.24202706509084698
    ],
    [
      0.16789306769630583,
      0.075227320641306,
      0.7568796116623882
    ],
    [
      0.03975767204162788,
      0.39624261218508106,
      0.5639997157732911
    ],
    [
      0.9252401288771085,
      0.008279067115038194,
      0.06648080400785333
    ],
    [
      0.9854614492828776,
      0.002833136316334556,
      0.011705414400787886
    ],
    [
      0.9991135839638469,
      0.0008439559295487522,
      4.246010660440395e-05
    ],
    [
      0.20186464097844664,
      0.25193009253867854,
      0.5462052664828748
    ],
    [
      0.9736200000176743,
      0.0006259794795414509,
      0.02575402050278415
    ],
    [
      0.6708077867781721,
      0.30247195771669033,
      0.02672025550513746
    ],
    [
      0.014919114022397362,
      0.45955839553669126,
      0.5255224904409114
    ],
    [
      0.43361562583027424,
      0.009434092628281108,
      0.5569502815414447
    ],
    [
      0.5733548718964928,
      0.2251966563239807,
      0.20144847177952652
    ],
    [
      0.664594464412589,
      0.03275383212719395,
      0.3026517034602171
    ],
    [
      0.7891339193360447,
      0.2039069388757742,
      0.006959141788181143
    ],
    [
      0.7252631311696773,
      0.027215681885341313,
      0.24752118694498146
    ],
    [
      0.867122535927086,
      0.06253885946064308,
      0.07033860461227084
    ],
    [
      0.04632868393148079,
      0.22491043985610573,
      0.7287608762124136
    ],
    [
      0.987454322807912,
      0.012519869690124853,
      2.5807501963152016e-05
    ],
    [
      0.9093320198207959,
      0.09064415786858972,
      2.3822310614398253e-05
    ],
    [
      0.36765749466986003,
      0.021677776832902507,
      0.6106647284972375
    ],
    [
      0.9711048342246558,
      0.003068917926228323,
      0.02582624784911591
    ],
    [
      0.014045277524718491,
      0.8915630064498843,
      0.09439171602539709
    ],
    [
      0.1782885558021055,
      0.7813770946974973,
      0.04033434950039713
    ],
    [
      0.7826880853047761,
      0.20999242998974976,
      0.00731948470547416
    ],
    [
      0.47629484618174495,
      0.49327512931684087,
      0.03043002450141424
    ],
    [
      0.3521701255116745,
      0.6478288744893256,
      9.99999000001e-07
    ],
    [
      0.0950262438838803,
      0.5296782253030097,
      0.3752955308131099
    ],
    [
      0.8425560244838941,
      6.720544509564264e-05,
      0.15737677007101017
    ],
    [
      1.0654120908212038e-06,
      0.2596536388532632,
      0.7403452957346459
    ],
    [
      0.5830097011087046,
      0.000172798308634251,
      0.41681750058266104
    ],
    [
      0.8602025312858287,
      0.13833129880740822,
      0.0014661699067631487
    ],
    [
      0.35010387666121623,
      0.3397735224395855,
      0.3101226008991983
    ],
    [
      0.8567957389632236,
      0.1432032610377692,
      9.99999007178424e-07
    ],
    [
      0.5864769811968827,
      0.11827675178948968,
      0.29524626701362766
    ],
    [
      0.4995728966844975,
      0.48917275524338105,
      0.011254348072121442
    ],
    [
      0.9384882714047811,
      3.4968105019693694e-05,
      0.061476760490199185
    ],
    [
      0.7774753789279981,
      0.01941967528634646,
      0.20310494578565527
    ],
    [
      0.5553908511346526,
      0.4446081488654693,
      9.99999878291636e-07
    ],
    [
      0.3536971876552458,
      0.6462569450846125,
      4.58672601416599e-05
    ],
    [
      0.9151973962052018,
      9.999990305941983e-07,
      0.08480160379576765
    ],
    [
      0.5637650850951254,
      0.00017537846165870314,
      0.43605953644321593
    ],
    [
      0.9821044066960415,
      2.679839828113128e-05,
      0.01786879490567735
    ],
    [
      0.828849085945986,
      5.912710576466637e-05,
      0.17109178694824936
    ],
    [
      0.1399893263430073,
      0.048245580465060535,
      0.8117650931919321
    ],
    [
      0.12091653542277365,
      0.8593292816330002,
      0.019754182944226248
    ],
    [
      0.778617438363504,
      0.0029291587827765995,
      0.2184534028537194
    ],
    [
      0.833046974468334,
      0.01521465058005511,
      0.15173837495161085
    ],
    [
      0.040105931508397204,
      0.669779653023853,
      0.2901144154677499
    ],
    [
      0.6388092185157079,
      0.06381201861196134,
      0.2973787628723307
    ],
    [
      0.41902843522831706,
      0.2666619069765941,
      0.3143096577950888
    ],
    [
      0.043760523359253914,
      0.5779143513230117,
      0.3783251253177344
    ],
    [
      0.8186288411257727,
      0.00041731382456532644,
      0.1809538450496619
    ],
    [
      0.08686951977164697,
      0.8026708748363313,
      0.11045960539202163
    ],
    [
      0.5969944915182219,
      0.14853220217443613,
      0.25447330630734205
    ],
    [
      0.7566008107226472,
      0.24140771289152044,
      0.0019914763858324375
    ],
    [
      0.6414057892143757,
      0.013196373304081993,
      0.3453978374815423
    ],
    [
      0.5600216031406036,
      0.02107614505126541,
      0.41890225180813107
    ],
    [
      0.08171634502578798,
      0.297245611467783,
      0.621038043506429
    ],
    [
      0.0355117165439046,
      0.961468302965711,
      0.0030199804903845192
    ],
    [
      0.9992375212949101,
      0.00038278493254280713,
      0.00037969377254712454
    ],
    [
      0.7078479985016827,
      0.1254943373311249,
      0.1666576641671925
    ],
    [
      0.8613532923631129,
      0.13864570763784118,
      9.999990458893289e-07
    ],
    [
      0.04940591129322752,
      0.004275482276949051,
      0.9463186064298235
    ],
    [
      0.8460443554066963,
      0.025254240748008715,
      0.12870140384529496
    ],
    [
      0.9988493340119933,
      0.0011466965066806094,
      3.969481326100912e-06
    ],
    [
      0.9664363648163298,
      9.999992590936284e-07,
      0.03356263518441113
    ],
    [
      0.195264626239311,
      0.08168797317262523,
      0.7230474005880638
    ],
    [
      0.7475149753197337,
      0.14486253381411723,
      0.10762249086614921
    ],
    [
      0.21282746097749425,
      0.78563875638747,
      0.001533782635035624
    ],
    [
      0.42202201682121493,
      0.5779752295550802,
      2.7536237047783574e-06
    ],
    [
      0.868821642154245,
      0.1204988878031949,
      0.010679470042560217
    ],
    [
      0.7813758242562246,
      0.21856291363692862,
      6.126210684671627e-05
    ],
    [
      0.0005704737389364858,
      0.8030106917811642,
      0.19641883447989927
    ],
    [
      0.7760309246546292,
      0.1839317253821782,
      0.040037349963192644
    ],
    [
      0.9999883486901044,
      9.999992115132011e-07,
      1.0651310683928315e-05
    ],
    [
      0.05799844907004026,
      0.8394223786276697,
      0.10257917230229005
    ],
    [
      0.42512720500487666,
      0.020772836404959177,
      0.5540999585901641
    ],
    [
      0.12840176580417834,
      4.396666089452395e-05,
      0.871554267534927
    ],
    [
      0.8811564888698907,
      0.05663945652108014,
      0.062204054609029114
    ],
    [
      0.10761886452211077,
      0.8285183806827947,
      0.06386275479509457
    ],
    [
      0.948366404744287,
      1.3100349247516945e-06,
      0.05163228522078819
    ],
    [
      0.7499497094738851,
      0.001563248325117955,
      0.24848704220099704
    ],
    [
      0.82017972095404,
      9.999990000009998e-07,
      0.17981927904695988
    ],
    [
      0.3598335877056344,
      2.1772747005157524e-06,
      0.6401642350196651
    ],
    [
      0.7837348329126052,
      0.030410576672197806,
      0.18585459041519709
    ],
    [
      0.4238275128509647,
      0.4717063430119181,
      0.10446614413711723
    ],
    [
      0.8511789662680939,
      0.045561668344871485,
      0.10325936538703472
    ],
    [
      0.9373095109494435,
      0.06268948905155639,
      9.999990002450804e-07
    ],
    [
      0.3191202034445865,
      0.45417301149525585,
      0.22670678506015757
    ],
    [
      0.9999980000038937,
      9.999980532209077e-07,
      9.999980532209077e-07
    ],
    [
      0.9934443767170381,
      0.0060846491899071466,
      0.00047097409305475
    ],
    [
      0.11085579669840578,
      0.44574514708709734,
      0.4433990562144969
    ],
    [
      0.40532673513152845,
      0.38078037458174047,
      0.21389289028673106
    ],
    [
      0.1012607513420811,
      0.8987382486588695,
      9.999990492856231e-07
    ],
    [
      0.8827641891387228,
      9.999990000057216e-07,
      0.11723481086227715
    ],
    [
      0.46757726408696365,
      0.19423811504737196,
